CENTER
290.5576171875,-277.2798767089844,45.84590530395508
291.9044494628906,-271.5698547363281,46.23806381225586
293.8097229003906,-263.53472900390625,46.76707458496094
295.5833740234375,-256.354248046875,47.23313903808594
296.8968200683594,-251.24703979492188,47.49381637573242
298.07861328125,-246.99441528320312,47.62636947631836
299.4246826171875,-243.11972045898438,47.63447570800781
300.9228210449219,-239.52841186523438,47.5181999206543
302.585205078125,-236.3150177001953,47.34998321533203
304.7441711425781,-233.28668212890625,47.170040130615234
307.63482666015625,-230.34608459472656,46.97562026977539
311.0220642089844,-227.59051513671875,46.77448272705078
314.5326843261719,-225.11874389648438,46.5609016418457
317.86663818359375,-223.0752410888672,46.35916519165039
321.3240051269531,-221.3155517578125,46.15736770629883
325.4321594238281,-219.50535583496094,45.94244384765625
330.3320007324219,-217.5743408203125,45.7054443359375
335.88250732421875,-215.59280395507812,45.44071578979492
342.1883239746094,-213.43699645996094,45.13084030151367
349.17901611328125,-211.17503356933594,44.74955368041992
356.9249572753906,-208.7388458251953,44.284305572509766
365.7417907714844,-205.800537109375,43.61361312866211
376.1861267089844,-202.0556640625,42.49139404296875
387.7013854980469,-197.80873107910156,40.97178649902344
398.93328857421875,-193.64524841308594,39.442832946777344
409.47039794921875,-189.78712463378906,38.03239440917969
419.72418212890625,-186.01246643066406,36.79228591918945
429.57470703125,-182.24136352539062,35.7790412902832
439.0454406738281,-178.40235900878906,34.91515350341797
448.1129150390625,-174.56689453125,34.175392150878906
456.58709716796875,-170.8692169189453,33.62147903442383
464.34368896484375,-167.40045166015625,33.376487731933594
471.5069274902344,-164.0695037841797,33.428104400634766
478.25958251953125,-160.7374267578125,33.69700622558594
484.37139892578125,-157.42343139648438,34.08754348754883
490.0726013183594,-154.10830688476562,34.54296112060547
496.2362060546875,-150.5956573486328,35.0970458984375
503.6388854980469,-146.62835693359375,35.82191467285156
511.5040588378906,-142.46351623535156,36.71324920654297
518.3749389648438,-138.6759490966797,37.60431671142578
523.5741577148438,-135.5963134765625,38.25138473510742
527.7791137695312,-132.8939666748047,38.866329193115234
531.5652465820312,-130.1519775390625,39.36021423339844
535.0810546875,-127.23612213134766,39.785728454589844
538.1779174804688,-124.28060913085938,40.18144989013672
540.9859008789062,-121.27115631103516,40.548709869384766
543.5173950195312,-118.1805419921875,40.898048400878906
545.7599487304688,-115.03598022460938,41.21001434326172
547.8058471679688,-111.90479278564453,41.50719451904297
549.6405029296875,-108.91897583007812,41.77858352661133
551.2783813476562,-105.946533203125,42.03987121582031
552.8562622070312,-102.65885925292969,42.305999755859375
554.3139038085938,-99.18626403808594,42.57499313354492
555.7113647460938,-95.39840698242188,42.85821533203125
557.3650512695312,-90.57571411132812,43.21120071411133
559.4242553710938,-84.26527404785156,43.69247817993164
561.7396240234375,-76.91995239257812,44.22282028198242
564.1795654296875,-69.17879486083984,44.72431564331055
566.7061767578125,-61.24822235107422,45.14544677734375
569.3572998046875,-52.92179870605469,45.51508331298828
572.1145629882812,-44.21924591064453,45.81351089477539
575.0419921875,-34.863548278808594,46.0321159362793
578.0756225585938,-25.1317195892334,46.15459060668945
581.0048217773438,-15.874473571777344,46.1806640625
583.8054809570312,-7.316003799438477,46.10781478881836
586.5017700195312,0.7678768634796143,45.9538459777832
588.9557495117188,8.198995590209961,45.734161376953125
591.121337890625,14.848148345947266,45.40935516357422
593.0445556640625,20.844539642333984,44.98164749145508
594.7255859375,26.397615432739258,44.58562469482422
596.1627807617188,31.464916229248047,44.1983528137207
597.3577270507812,36.088897705078125,43.86261749267578
598.3154907226562,40.60638427734375,43.55815887451172
599.0469970703125,45.1901741027832,43.24894332885742
599.5413208007812,49.66747283935547,42.95942687988281
599.7701416015625,53.85668182373047,42.70454788208008
599.7295532226562,57.64867401123047,42.521968841552734
599.423583984375,61.152587890625,42.39104080200195
598.8361206054688,64.51424407958984,42.26698303222656
597.9623413085938,67.74713134765625,42.151702880859375
596.8070068359375,70.83777618408203,42.018402099609375
595.3692016601562,73.8915023803711,41.85127258300781
593.6593627929688,76.9620132446289,41.65314865112305
591.6668701171875,79.99561309814453,41.408443450927734
589.3591918945312,82.9365463256836,41.092445373535156
586.8811645507812,85.60140991210938,40.726844787597656
584.087890625,88.1736068725586,40.29835891723633
580.511962890625,91.14759826660156,39.7369270324707
575.6611328125,94.8812255859375,39.01790237426758
570.0277709960938,99.01663208007812,38.23646926879883
564.62109375,102.97467041015625,37.58938980102539
559.7112426757812,106.71265411376953,37.05836486816406
555.0282592773438,110.27328491210938,36.60105514526367
550.77099609375,113.20555114746094,36.26205062866211
547.15234375,115.24089050292969,35.97171401977539
543.9595947265625,116.64785766601562,35.69044494628906
540.753662109375,117.78118133544922,35.387107849121094
537.5126342773438,118.74369812011719,35.077823638916016
534.258544921875,119.43254089355469,34.74156951904297
530.6181640625,119.89386749267578,34.34587097167969
526.6996459960938,120.1335678100586,33.89646530151367
522.3949584960938,120.14572143554688,33.39200973510742
517.0064697265625,119.95887756347656,32.76270294189453
510.3721618652344,119.55413055419922,32.00070571899414
502.6541748046875,118.95037078857422,31.09787940979004
493.641357421875,118.2326889038086,30.042259216308594
482.41522216796875,117.31674194335938,28.641746520996094
469.8942565917969,116.28689575195312,27.283205032348633
458.623046875,115.4813232421875,26.345266342163086
449.7561340332031,114.96491241455078,25.801856994628906
442.13897705078125,114.67280578613281,25.508983612060547
434.852294921875,114.74852752685547,25.28990936279297
427.3826904296875,115.17530059814453,25.099441528320312
420.24359130859375,115.96993255615234,24.981733322143555
414.0560607910156,117.32643127441406,24.95560646057129
409.46087646484375,119.30681610107422,24.961231231689453
405.81732177734375,121.84907531738281,25.04170036315918
401.823974609375,124.961181640625,25.210289001464844
396.80853271484375,128.85279846191406,25.488740921020508
391.443359375,133.3142852783203,25.856876373291016
386.44427490234375,137.72474670410156,26.287006378173828
382.09381103515625,141.79132080078125,26.68406105041504
378.10943603515625,145.806884765625,27.073150634765625
374.3595886230469,150.02896118164062,27.41442108154297
370.8573303222656,154.4761962890625,27.70856285095215
367.5895690917969,159.1299591064453,27.973861694335938
364.38543701171875,164.1919708251953,28.273303985595703
361.3573913574219,169.3949737548828,28.58653450012207
358.3929138183594,175.0062255859375,28.915376663208008
354.9839172363281,182.0291290283203,29.364681243896484
350.9093933105469,191.0547637939453,29.98626136779785
346.39031982421875,201.49203491210938,30.77140235900879
341.5813903808594,212.57119750976562,31.63751792907715
336.3419494628906,224.47227478027344,32.61372756958008
330.81268310546875,237.0152130126953,33.61073684692383
325.5701599121094,248.88992309570312,34.51748275756836
320.7453918457031,259.7937316894531,35.31307601928711
316.2073974609375,270.0293273925781,36.042903900146484
312.1399230957031,279.1946105957031,36.672523498535156
308.6614685058594,287.0671691894531,37.197776794433594
305.65350341796875,293.869384765625,37.61257553100586
302.9439697265625,299.8665771484375,37.93423843383789
300.62567138671875,304.92523193359375,38.15187454223633
298.6058349609375,309.17889404296875,38.279998779296875
296.4340515136719,313.2931213378906,38.373435974121094
293.87896728515625,317.60955810546875,38.39870071411133
291.171875,321.78662109375,38.37396240234375
288.5567321777344,325.4651184082031,38.28749465942383
286.21734619140625,328.4024963378906,38.18394088745117
283.9698791503906,330.8412780761719,38.0764045715332
281.506591796875,333.14996337890625,37.942996978759766
278.82135009765625,335.3951416015625,37.804080963134766
275.9202880859375,337.51025390625,37.65678405761719
272.513916015625,339.6641845703125,37.481719970703125
268.4985046386719,341.8417053222656,37.260841369628906
263.977783203125,344.0581359863281,37.025169372558594
258.9737548828125,346.5280456542969,36.80097198486328
253.4298095703125,349.3798522949219,36.60758972167969
247.40255737304688,352.48516845703125,36.45042037963867
241.08348083496094,355.6736755371094,36.347293853759766
234.05221557617188,359.1706237792969,36.23283767700195
226.7291717529297,362.75067138671875,36.11866760253906
220.56719970703125,365.5675048828125,35.992027282714844
216.40045166015625,367.1772155761719,35.87321090698242
213.394775390625,368.02362060546875,35.75764083862305
210.50067138671875,368.592041015625,35.62889099121094
207.39874267578125,369.0327453613281,35.460174560546875
204.4083709716797,369.19537353515625,35.26828384399414
201.4383087158203,369.1140441894531,35.05298614501953
198.59654235839844,368.82489013671875,34.8257942199707
195.77505493164062,368.2917785644531,34.58466720581055
192.55850219726562,367.4403076171875,34.294124603271484
188.9375,366.2622985839844,33.96696853637695
184.92140197753906,364.7660217285156,33.6114387512207
180.12306213378906,362.90185546875,33.188724517822266
174.3950653076172,360.6162109375,32.69819641113281
167.8848114013672,357.9627380371094,32.178802490234375
160.6472625732422,355.0526123046875,31.605884552001953
151.889404296875,351.5966796875,30.923295974731445
142.40423583984375,347.8841247558594,30.194826126098633
134.62586975097656,344.8936462402344,29.623506546020508
130.07298278808594,343.16796875,29.30736541748047
127.2269058227539,342.16436767578125,29.117630004882812
123.96549987792969,341.2334289550781,28.90631675720215
119.48039245605469,340.1265869140625,28.637954711914062
114.57998657226562,339.0924072265625,28.36089515686035
109.56735229492188,338.2269287109375,28.095937728881836
104.5564956665039,337.57708740234375,27.8680477142334
99.43339538574219,337.095947265625,27.672250747680664
94.15916442871094,336.7392272949219,27.512744903564453
88.65165710449219,336.5103759765625,27.398303985595703
82.99298095703125,336.4058837890625,27.361143112182617
77.39057922363281,336.37091064453125,27.410364151000977
72.08955383300781,336.349853515625,27.46816635131836
66.84478759765625,336.3983154296875,27.53799057006836
61.12823486328125,336.628173828125,27.660999298095703
54.99150466918945,337.0767822265625,27.8656005859375
48.382991790771484,337.7068176269531,28.17791748046875
40.619869232177734,338.51824951171875,28.727819442749023
30.408226013183594,339.6011047363281,29.661806106567383
19.04197120666504,340.8653869628906,30.727081298828125
9.719991683959961,342.0410461425781,31.564104080200195
4.0700297355651855,342.9840087890625,32.07273483276367
0.4643394947052002,343.8383483886719,32.38859558105469
-2.7814388275146484,344.7662353515625,32.689090728759766
-6.18544864654541,345.7947082519531,33.04648971557617
-9.229546546936035,346.896728515625,33.391387939453125
-12.043655395507812,348.15350341796875,33.70884704589844
-14.659689903259277,349.5726623535156,34.02070617675781
-17.045738220214844,351.1466064453125,34.30987548828125
-19.235984802246094,352.9338073730469,34.5601806640625
-21.215255737304688,354.92474365234375,34.76947784423828
-22.998727798461914,357.1289367675781,34.93295669555664
-24.666105270385742,359.6333923339844,35.0675048828125
-26.266889572143555,362.43914794921875,35.1745491027832
-27.751577377319336,365.54522705078125,35.278289794921875
-29.05138397216797,369.0352478027344,35.39109802246094
-30.057336807250977,372.9923095703125,35.513702392578125
-30.878400802612305,377.3333740234375,35.687557220458984
-31.772693634033203,381.89300537109375,35.93157958984375
-32.84414291381836,386.8899841308594,36.25067901611328
-33.98882293701172,392.1054992675781,36.65264129638672
-35.15300750732422,396.7179870605469,37.05717086791992
-36.29104995727539,400.36328125,37.386878967285156
-37.44860076904297,403.405517578125,37.66188049316406
-38.708946228027344,406.1154479980469,37.91695022583008
-40.07093048095703,408.53240966796875,38.15046310424805
-41.535701751708984,410.61700439453125,38.340232849121094
-43.18994903564453,412.52227783203125,38.50572967529297
-45.08585739135742,414.32073974609375,38.64292526245117
-47.17124938964844,415.9398193359375,38.7443962097168
-49.376220703125,417.3143615722656,38.79221725463867
-51.612545013427734,418.396484375,38.778594970703125
-53.968467712402344,419.2341613769531,38.690738677978516
-56.63884353637695,419.9063720703125,38.51408767700195
-59.66874313354492,420.432861328125,38.22859191894531
-63.013099670410156,420.7939147949219,37.85175704956055
-66.73153686523438,421.00933837890625,37.40050506591797
-70.35507202148438,421.0560302734375,36.94192123413086
-74.35267639160156,420.9571533203125,36.41996765136719
-80.19099426269531,420.8018798828125,35.731204986572266
-88.69146728515625,420.6072998046875,34.90082931518555
-99.03265380859375,420.3563537597656,34.12757873535156
-110.21676635742188,420.0872802734375,33.49775695800781
-122.82183837890625,419.7796936035156,32.955810546875
-136.2698516845703,419.4539794921875,32.52065658569336
-147.82907104492188,419.2096252441406,32.174564361572266
-156.21246337890625,419.06903076171875,31.916767120361328
-162.70701599121094,419.00970458984375,31.700668334960938
-168.44204711914062,419.06353759765625,31.482158660888672
-173.50747680664062,419.2029113769531,31.28658676147461
-177.8133544921875,419.4554443359375,31.12299919128418
-182.21905517578125,419.93560791015625,30.941659927368164
-187.0400848388672,420.755615234375,30.71596908569336
-191.9609375,421.80328369140625,30.490306854248047
-196.8945770263672,422.8565673828125,30.2791748046875
-201.85655212402344,423.89703369140625,30.07874870300293
-206.83132934570312,424.943115234375,29.888925552368164
-211.68515014648438,425.82843017578125,29.746326446533203
-216.4183807373047,426.481201171875,29.639646530151367
-221.03067016601562,426.9731750488281,29.574146270751953
-225.3872528076172,427.3533935546875,29.542537689208984
-228.8896026611328,427.695068359375,29.548828125
-232.13626098632812,427.925048828125,29.584320068359375
-236.7880859375,427.8726806640625,29.679527282714844
-244.22897338867188,427.3069763183594,29.86641502380371
-253.0750274658203,426.458984375,30.116596221923828
-260.8354797363281,425.8507080078125,30.341083526611328
-266.065185546875,425.6852722167969,30.489927291870117
-270.2092590332031,425.7596740722656,30.580963134765625
-275.11236572265625,425.9872131347656,30.701963424682617
-281.2137756347656,426.3450927734375,30.84523582458496
-288.07421875,426.856201171875,30.974754333496094
-296.2205505371094,427.5023193359375,31.075315475463867
-306.8157958984375,428.3951721191406,31.10386848449707
-318.6969909667969,429.4230651855469,30.950345993041992
-328.9021301269531,430.2331848144531,30.893102645874023
-336.536865234375,430.6635437011719,30.840890884399414
-342.4954833984375,430.87603759765625,30.776517868041992
-346.49896240234375,431.0029296875,30.750564575195312
LEFT
284.7235107421875,-275.8786926269531,46.23890686035156
286.35223388671875,-270.26397705078125,46.59515380859375
288.6598815917969,-262.2978820800781,47.00534439086914
290.7437744140625,-255.09800720214844,47.3680419921875
292.12994384765625,-250.00538635253906,47.54888916015625
293.33135986328125,-245.5471649169922,47.61577224731445
294.7777099609375,-241.27427673339844,47.56829833984375
296.367431640625,-237.46726989746094,47.44207000732422
298.2989807128906,-233.74044799804688,47.272987365722656
300.914306640625,-230.07232666015625,47.083072662353516
304.30059814453125,-226.62010192871094,46.87337112426758
308.0244140625,-223.5887451171875,46.67015838623047
311.76068115234375,-220.95750427246094,46.46845245361328
315.4301452636719,-218.7090606689453,46.27193069458008
319.20458984375,-216.78695678710938,46.07837677001953
323.4866027832031,-214.89939880371094,45.8632698059082
328.5899963378906,-212.8876190185547,45.61732864379883
334.2455139160156,-210.86837768554688,45.351104736328125
340.578857421875,-208.70310974121094,45.036739349365234
347.6827392578125,-206.4041748046875,44.6483039855957
355.4013977050781,-203.97662353515625,44.1713752746582
364.09515380859375,-201.07945251464844,43.52796173095703
374.470458984375,-197.35922241210938,42.39973449707031
385.96240234375,-193.12088012695312,40.85204315185547
397.2020568847656,-188.95452880859375,39.30276870727539
407.7554626464844,-185.09042358398438,37.863346099853516
417.9757080078125,-181.32815551757812,36.621307373046875
427.73760986328125,-177.59107971191406,35.605186462402344
437.1290283203125,-173.78421020507812,34.71297073364258
446.1360778808594,-169.97427368164062,33.92123794555664
454.56689453125,-166.29550170898438,33.28360366821289
462.27484130859375,-162.84854125976562,32.95261764526367
469.3521728515625,-159.5576171875,32.941680908203125
475.9832763671875,-156.28564453125,33.15757751464844
481.896484375,-153.07891845703125,33.50621032714844
487.5502014160156,-149.7911834716797,33.946800231933594
493.8267822265625,-146.21449279785156,34.51877212524414
501.3030090332031,-142.20753479003906,35.24785232543945
509.1452941894531,-138.0548553466797,36.12150573730469
515.8706665039062,-134.34828186035156,36.971214294433594
520.9624633789062,-131.33262634277344,37.652366638183594
524.9668579101562,-128.75979614257812,38.28179931640625
528.515380859375,-126.18984985351562,38.786075592041016
531.7506713867188,-123.50672912597656,39.230770111083984
534.613037109375,-120.77468872070312,39.64659118652344
537.2509765625,-117.94695281982422,40.03908920288086
539.5327758789062,-115.1601791381836,40.3878288269043
541.61767578125,-112.23567962646484,40.70399856567383
543.5902099609375,-109.21619415283203,40.99889373779297
545.3265380859375,-106.39117431640625,41.2681999206543
546.8340454101562,-103.65572357177734,41.52173614501953
548.2935180664062,-100.61395263671875,41.780033111572266
549.6582641601562,-97.36283111572266,42.03467559814453
550.994873046875,-93.73865509033203,42.30883026123047
552.6286010742188,-88.97380065917969,42.66486358642578
554.6602172851562,-82.7474594116211,43.15630340576172
556.9688720703125,-75.42340850830078,43.714298248291016
559.4149169921875,-67.66280364990234,44.26554489135742
561.9423217773438,-59.72979736328125,44.74400329589844
564.5921630859375,-51.407310485839844,45.17007064819336
567.346435546875,-42.71421432495117,45.48842239379883
570.2680053710938,-33.377166748046875,45.72175216674805
573.303955078125,-23.63800811767578,45.851661682128906
576.2445068359375,-14.345047950744629,45.87813949584961
579.0599975585938,-5.7410783767700195,45.79865646362305
581.7587890625,2.3503270149230957,45.62661361694336
584.2000122070312,9.74262809753418,45.40426254272461
586.3663330078125,16.394136428833008,45.07217788696289
588.274169921875,22.34225082397461,44.636783599853516
589.9219360351562,27.78498649597168,44.20418930053711
591.3412475585938,32.78895568847656,43.77047348022461
592.4938354492188,37.24760818481445,43.39102554321289
593.3977661132812,41.509822845458984,43.030052185058594
594.0922241210938,45.861122131347656,42.699951171875
594.558837890625,50.085716247558594,42.39403533935547
594.7713012695312,53.965538024902344,42.13339614868164
594.735107421875,57.41352081298828,41.92776107788086
594.4654541015625,60.5067024230957,41.758445739746094
593.9525756835938,63.441497802734375,41.60118103027344
593.203857421875,66.21196746826172,41.450645446777344
592.204345703125,68.88439178466797,41.273284912109375
590.9230346679688,71.60426330566406,41.06263732910156
589.3773803710938,74.38038635253906,40.82038116455078
587.6008911132812,77.08563232421875,40.53940200805664
585.5701293945312,79.67420196533203,40.21564483642578
583.3606567382812,82.0509033203125,39.84546661376953
580.814453125,84.39410400390625,39.4085578918457
577.3648071289062,87.26229858398438,38.838008880615234
572.673828125,90.87174224853516,38.13492965698242
567.083984375,94.97509765625,37.37593460083008
561.642578125,98.95867156982422,36.743919372558594
556.6578369140625,102.75325012207031,36.21952438354492
552.060302734375,106.24945068359375,35.7777214050293
548.1351928710938,108.95673370361328,35.423343658447266
544.9208374023438,110.7664794921875,35.10839080810547
542.1534423828125,111.98546600341797,34.83320617675781
539.1787109375,113.03569793701172,34.53142166137695
536.2689819335938,113.90082550048828,34.235511779785156
533.4320068359375,114.50133514404297,33.93648910522461
530.1615600585938,114.91475677490234,33.59326171875
526.548095703125,115.1358642578125,33.209659576416016
522.4923095703125,115.14666748046875,32.7769889831543
517.2308959960938,114.96391296386719,32.23066711425781
510.7342224121094,114.56725311279297,31.58123016357422
503.0579528808594,113.9666976928711,30.768043518066406
494.023681640625,113.24732971191406,29.76317024230957
482.8322448730469,112.33415985107422,28.43752098083496
470.2883605957031,111.30245208740234,27.114686965942383
458.9188537597656,110.49008178710938,26.247426986694336
450.02044677734375,109.9719009399414,25.765398025512695
442.2294616699219,109.67362213134766,25.501981735229492
434.6454772949219,109.7528076171875,25.22113609313965
426.9934997558594,110.19046783447266,25.05063819885254
419.48175048828125,111.02831268310547,24.975114822387695
412.5790100097656,112.54957580566406,24.79249382019043
406.9551696777344,114.97999572753906,24.747289657592773
402.7308654785156,117.91539764404297,24.873037338256836
398.8529968261719,120.9395751953125,25.084321975708008
393.6706237792969,124.96004486083984,25.44441032409668
388.1913146972656,129.516357421875,25.924028396606445
383.07354736328125,134.03175354003906,26.46015739440918
378.622802734375,138.19239807128906,26.938316345214844
374.47247314453125,142.3757781982422,27.39341926574707
370.5186767578125,146.8278045654297,27.793651580810547
366.8440856933594,151.49392700195312,28.12488555908203
363.42584228515625,156.36166381835938,28.400371551513672
360.1083679199219,161.60226440429688,28.6856632232666
356.9867858886719,166.9664306640625,28.984113693237305
353.9286804199219,172.75440979003906,29.324121475219727
350.461181640625,179.8972930908203,29.743078231811523
346.33013916015625,189.0471954345703,30.3351993560791
341.79827880859375,199.51385498046875,31.03209686279297
337.00469970703125,210.5577850341797,31.826642990112305
331.76629638671875,222.45651245117188,32.68596649169922
326.2380065917969,234.9971923828125,33.61131286621094
320.9967956542969,246.86891174316406,34.48032760620117
316.17388916015625,257.7685852050781,35.24367141723633
311.6369934082031,268.00164794921875,35.975929260253906
307.5698547363281,277.1661682128906,36.595401763916016
304.086181640625,285.0505676269531,37.11274719238281
301.08587646484375,291.83544921875,37.52153778076172
298.4025573730469,297.7747802734375,37.82075119018555
296.0844421386719,302.83306884765625,38.021026611328125
294.1268005371094,306.9566955566406,38.12968444824219
292.0753173828125,310.8433532714844,38.19527816772461
289.6301574707031,314.97369384765625,38.20783996582031
287.0325012207031,318.9820556640625,38.16044998168945
284.5600891113281,322.46063232421875,38.04791259765625
282.4144287109375,325.15631103515625,37.93272018432617
280.42803955078125,327.31207275390625,37.81316375732422
278.1927490234375,329.40582275390625,37.6685676574707
275.7364501953125,331.46026611328125,37.50886154174805
273.1136169433594,333.372314453125,37.344635009765625
269.9613342285156,335.3648376464844,37.16078567504883
266.2413024902344,337.38018798828125,36.93511199951172
261.7990417480469,339.55780029296875,36.69453048706055
256.7043762207031,342.0727233886719,36.45649337768555
251.1339569091797,344.9381103515625,36.283447265625
245.1248321533203,348.0340881347656,36.140106201171875
238.8627166748047,351.19390869140625,36.011348724365234
231.8306884765625,354.6912536621094,35.86930847167969
224.57240295410156,358.23974609375,35.724369049072266
218.6216278076172,360.9615478515625,35.56409454345703
214.8066864013672,362.4380187988281,35.42885208129883
212.29359436035156,363.1463928222656,35.31309127807617
209.5891876220703,363.6758117675781,35.16284942626953
206.91278076171875,364.0564270019531,35.00233840942383
204.3494110107422,364.1957092285156,34.83449172973633
201.75860595703125,364.12432861328125,34.65571594238281
199.31089782714844,363.8761901855469,34.474308013916016
196.89804077148438,363.4195251464844,34.28566360473633
193.95751953125,362.6400146484375,34.05448532104492
190.60598754882812,361.54888916015625,33.79629898071289
186.71788024902344,360.09991455078125,33.50394821166992
181.93247985839844,358.24072265625,33.1363639831543
176.27597045898438,355.9834899902344,32.71284866333008
169.76907348632812,353.33135986328125,32.2376594543457
162.48741149902344,350.4035339355469,31.666215896606445
153.71958923339844,346.94366455078125,30.977214813232422
144.21649169921875,343.22412109375,30.226884841918945
136.3885955810547,340.21466064453125,29.629520416259766
131.83071899414062,338.48712158203125,29.31688117980957
128.74282836914062,337.39971923828125,29.103546142578125
125.25101470947266,336.4015197753906,28.896730422973633
120.5968246459961,335.2528076171875,28.635400772094727
115.52701568603516,334.18292236328125,28.379854202270508
110.31282806396484,333.2828063964844,28.136367797851562
105.10458374023438,332.6072082519531,27.913631439208984
99.82843780517578,332.111572265625,27.725553512573242
94.44709777832031,331.7475280761719,27.582809448242188
88.79181671142578,331.5123291015625,27.48874855041504
83.04646301269531,331.4061584472656,27.453746795654297
77.40738677978516,331.3709411621094,27.491376876831055
72.09432983398438,331.349853515625,27.55987548828125
66.73306274414062,331.3995666503906,27.630403518676758
60.83674240112305,331.6366882324219,27.74301528930664
54.56224822998047,332.0952453613281,27.959461212158203
47.87604904174805,332.7325744628906,28.294960021972656
40.0963020324707,333.5457458496094,28.860095977783203
29.873178482055664,334.62982177734375,29.85288429260254
18.464397430419922,335.89886474609375,31.030977249145508
9.007543563842773,337.0920715332031,31.958431243896484
3.087064266204834,338.0815734863281,32.49955749511719
-0.8603332042694092,339.01702880859375,32.8270149230957
-4.133410453796387,339.9524841308594,33.093536376953125
-7.745536804199219,341.0443115234375,33.43086624145508
-11.090524673461914,342.2559509277344,33.757686614990234
-14.266714096069336,343.6748962402344,34.07992172241211
-17.218984603881836,345.2773132324219,34.38788604736328
-19.999116897583008,347.112060546875,34.68259811401367
-22.600139617919922,349.2348327636719,34.94275665283203
-24.93764877319336,351.5865173339844,35.16511917114258
-27.0338134765625,354.1763000488281,35.33824920654297
-28.935386657714844,357.0308532714844,35.46239471435547
-30.687881469726562,360.10357666015625,35.548885345458984
-32.34920120239258,363.580078125,35.60818862915039
-33.81452941894531,367.5145568847656,35.63682556152344
-34.95215606689453,371.9721374511719,35.65660858154297
-35.79765701293945,376.43841552734375,35.71817398071289
-36.655494689941406,380.8167724609375,35.81870651245117
-37.734397888183594,385.84814453125,36.01091003417969
-38.86124801635742,390.9832458496094,36.33074951171875
-39.95981216430664,395.3415222167969,36.68770980834961
-41.01947784423828,398.73785400390625,36.980323791503906
-42.05497741699219,401.4609680175781,37.20307159423828
-43.165771484375,403.8490295410156,37.39756774902344
-44.30397033691406,405.8713073730469,37.5390739440918
-45.469566345214844,407.5307922363281,37.6378059387207
-46.81037139892578,409.07373046875,37.70915985107422
-48.343467712402344,410.527587890625,37.75382614135742
-50.03588104248047,411.841796875,37.773216247558594
-51.78261184692383,412.9315185546875,37.7646369934082
-53.541778564453125,413.7836608886719,37.72669982910156
-55.400936126708984,414.4437561035156,37.642642974853516
-57.680015563964844,415.0159912109375,37.48666763305664
-60.35533905029297,415.480224609375,37.255828857421875
-63.41635513305664,415.8102111816406,36.94929122924805
-66.9215087890625,416.012939453125,36.57550811767578
-70.29763793945312,416.0563659667969,36.21461486816406
-74.2009048461914,415.95947265625,35.78704833984375
-80.08499908447266,415.8030090332031,35.190914154052734
-88.57200622558594,415.6087341308594,34.42206573486328
-98.91083526611328,415.35784912109375,33.68174743652344
-110.0990982055664,415.0886535644531,33.1463737487793
-122.69829559326172,414.7812194824219,32.76736068725586
-136.15350341796875,414.455322265625,32.52659225463867
-147.7411651611328,414.21038818359375,32.334197998046875
-156.139892578125,414.0695495605469,32.17619705200195
-162.70022583007812,414.00970458984375,32.00363540649414
-168.54757690429688,414.06463623046875,31.800283432006836
-173.70201110839844,414.2066955566406,31.608373641967773
-178.22413635253906,414.47235107421875,31.441787719726562
-182.8797607421875,414.9794616699219,31.243305206298828
-188.01463317871094,415.85150146484375,30.98681640625
-193.03555297851562,416.9201354980469,30.72783851623535
-197.87509155273438,417.9536437988281,30.469623565673828
-202.9056854248047,419.0083312988281,30.204694747924805
-207.81777954101562,420.0413818359375,29.95891571044922
-212.46461486816406,420.8895568847656,29.765399932861328
-217.01492309570312,421.51690673828125,29.600791931152344
-221.50332641601562,421.9955749511719,29.486957550048828
-225.79307556152344,422.3699035644531,29.4278621673584
-229.39427185058594,422.7206115722656,29.408809661865234
-232.29574584960938,422.9275817871094,29.434059143066406
-236.57632446289062,422.8771667480469,29.51188850402832
-243.76715087890625,422.3283386230469,29.6956729888916
-252.6095733642578,421.4806823730469,29.960224151611328
-260.58978271484375,420.85675048828125,30.171361923217773
-266.0296936035156,420.6853942871094,30.33051872253418
-270.4053039550781,420.7635192871094,30.442970275878906
-275.3454895019531,420.9926452636719,30.57796859741211
-281.5551452636719,421.35675048828125,30.727012634277344
-288.4651794433594,421.87152099609375,30.87624740600586
-296.614013671875,422.517822265625,30.991046905517578
-307.24853515625,423.4139404296875,31.043100357055664
-319.1192321777344,424.44091796875,30.87320327758789
-329.2494201660156,425.2452697753906,30.781064987182617
-336.75537109375,425.6683349609375,30.663127899169922
-342.6422424316406,425.8782043457031,30.568599700927734
-346.7174072265625,426.0076904296875,30.527036666870117
RIGHT
296.3917236328125,-278.6810607910156,45.43394470214844
297.4566650390625,-272.875732421875,45.87860107421875
298.9595642089844,-264.7715759277344,46.511436462402344
300.4229736328125,-257.6104736328125,47.052207946777344
301.6636962890625,-252.4886932373047,47.36375427246094
302.82586669921875,-248.44166564941406,47.51708221435547
304.0716552734375,-244.9651641845703,47.52863311767578
305.47821044921875,-241.5895538330078,47.4156608581543
306.8714294433594,-238.88958740234375,47.25677490234375
308.57403564453125,-236.50103759765625,47.101619720458984
310.96905517578125,-234.0720672607422,46.917236328125
314.01971435546875,-231.59228515625,46.70253372192383
317.3046875,-229.2799835205078,46.47284698486328
320.3031311035156,-227.44142150878906,46.28462219238281
323.44342041015625,-225.84414672851562,46.08842849731445
327.3777160644531,-224.11131286621094,45.86687469482422
332.0740051269531,-222.2610626220703,45.63065719604492
337.5195007324219,-220.31723022460938,45.37164306640625
343.79779052734375,-218.17088317871094,45.05476760864258
350.67529296875,-215.94589233398438,44.68769836425781
358.4485168457031,-213.50106811523438,44.21548843383789
367.388427734375,-210.52162170410156,43.52946472167969
377.90179443359375,-206.75210571289062,42.41365432739258
389.44036865234375,-202.49658203125,40.9234733581543
400.6645202636719,-198.33596801757812,39.41259765625
411.1853332519531,-194.48382568359375,38.02647399902344
421.47265625,-190.69677734375,36.79029846191406
431.41180419921875,-186.8916473388672,35.76171875
440.96185302734375,-183.0205078125,34.918678283691406
450.0897521972656,-179.15951538085938,34.258201599121094
458.6072998046875,-175.44293212890625,33.7962646484375
466.41253662109375,-171.95236206054688,33.62230682373047
473.66168212890625,-168.58139038085938,33.74803161621094
480.535888671875,-165.189208984375,34.0864372253418
486.8463134765625,-161.7679443359375,34.51919174194336
492.5950012207031,-158.42543029785156,34.99677658081055
498.6456298828125,-154.97682189941406,35.561946868896484
505.9747619628906,-151.04917907714844,36.29093933105469
513.86279296875,-146.87217712402344,37.20713424682617
520.8792114257812,-143.0036163330078,38.11139678955078
526.1858520507812,-139.86000061035156,38.721580505371094
530.5913696289062,-137.02813720703125,39.326744079589844
534.6151123046875,-134.11410522460938,39.77070999145508
538.4114379882812,-130.96551513671875,40.1659049987793
541.7427978515625,-127.78652954101562,40.54067611694336
544.7208251953125,-124.5953598022461,40.884159088134766
547.5020141601562,-121.2009048461914,41.23516082763672
549.9022216796875,-117.8362808227539,41.554317474365234
552.021484375,-114.59339141845703,41.84382629394531
553.9544677734375,-111.44677734375,42.11580276489258
555.7227172851562,-108.23734283447266,42.38959503173828
557.4190063476562,-104.70376586914062,42.67109298706055
558.9695434570312,-101.00969696044922,42.953651428222656
560.4278564453125,-97.05815887451172,43.243106842041016
562.1015014648438,-92.17762756347656,43.601478576660156
564.1882934570312,-85.78308868408203,44.07191848754883
566.5103759765625,-78.41649627685547,44.5861930847168
568.9442138671875,-70.69478607177734,45.0349235534668
571.4700317382812,-62.76664733886719,45.401710510253906
574.1224365234375,-54.43628692626953,45.7194709777832
576.8826904296875,-45.72427749633789,45.98521423339844
579.8159790039062,-36.34992980957031,46.178123474121094
582.8472900390625,-26.625431060791016,46.29818344116211
585.76513671875,-17.403900146484375,46.337646484375
588.5509643554688,-8.890929222106934,46.25896453857422
591.2447509765625,-0.8145734071731567,46.138187408447266
593.7114868164062,6.655363082885742,45.93785858154297
595.8763427734375,13.302159309387207,45.61588668823242
597.81494140625,19.34682846069336,45.20469665527344
599.5292358398438,25.010244369506836,44.8230094909668
600.9843139648438,30.1408748626709,44.489776611328125
602.2216186523438,34.9301872253418,44.1898193359375
603.2332153320312,39.702945709228516,43.908077239990234
604.0017700195312,44.51922607421875,43.62689208984375
604.5238037109375,49.249229431152344,43.3441276550293
604.7689819335938,53.747825622558594,43.094425201416016
604.7239990234375,57.883827209472656,42.91135787963867
604.3817138671875,61.7984733581543,42.801082611083984
603.7196655273438,65.58699035644531,42.72772216796875
602.7208251953125,69.28229522705078,42.66197204589844
601.40966796875,72.7911605834961,42.5806770324707
599.8153686523438,76.17874145507812,42.45726776123047
597.9413452148438,79.54364013671875,42.30294418334961
595.7328491210938,82.90559387207031,42.09324645996094
593.1482543945312,86.19889068603516,41.80540466308594
590.4016723632812,89.15191650390625,41.46173858642578
587.361328125,91.95310974121094,41.04555892944336
583.6591186523438,95.03289794921875,40.49629211425781
578.6484375,98.89070892333984,39.737796783447266
572.9715576171875,103.05816650390625,38.95290756225586
567.599609375,106.99066925048828,38.3055534362793
562.7646484375,110.67205810546875,37.75653076171875
557.9962158203125,114.297119140625,37.27153778076172
553.4067993164062,117.4543685913086,36.946895599365234
549.3838500976562,119.71530151367188,36.67221450805664
545.7657470703125,121.31024932861328,36.394683837890625
542.32861328125,122.52666473388672,36.10291290283203
538.7562866210938,123.5865707397461,35.776023864746094
535.0850830078125,124.3637466430664,35.401336669921875
531.0747680664062,124.87297821044922,34.951778411865234
526.8511962890625,125.13127136230469,34.43815994262695
522.297607421875,125.144775390625,33.85942077636719
516.7820434570312,124.95384216308594,33.137184143066406
510.0101013183594,124.54100799560547,32.26913833618164
502.2503967285156,123.93404388427734,31.25999641418457
493.259033203125,123.21804809570312,30.134437561035156
481.9981994628906,122.29932403564453,28.6759033203125
469.5001525878906,121.2713394165039,27.259469985961914
458.3272399902344,120.47256469726562,26.272254943847656
449.4918212890625,119.95792388916016,25.71497344970703
442.0484924316406,119.67198944091797,25.446399688720703
435.0591125488281,119.74424743652344,25.28868865966797
427.7718811035156,120.1601333618164,25.156490325927734
421.00543212890625,120.91155242919922,25.06467628479004
415.5331115722656,122.10328674316406,25.00201988220215
411.9665832519531,123.63363647460938,24.99981117248535
408.9037780761719,125.78275299072266,25.044931411743164
404.7949523925781,128.9827880859375,25.157743453979492
399.9464416503906,132.74554443359375,25.348709106445312
394.6954040527344,137.11221313476562,25.622421264648438
389.81500244140625,141.41773986816406,25.943763732910156
385.5648193359375,145.39024353027344,26.26302146911621
381.74639892578125,149.2379913330078,26.589719772338867
378.20050048828125,153.23011779785156,26.872638702392578
374.8705749511719,157.45846557617188,27.136648178100586
371.7532958984375,161.89825439453125,27.395780563354492
368.6625061035156,166.78167724609375,27.681018829345703
365.7279968261719,171.82351684570312,28.005802154541016
362.8571472167969,177.25804138183594,28.356660842895508
359.50665283203125,184.1609649658203,28.82621192932129
355.4886474609375,193.0623321533203,29.50206184387207
350.98236083984375,203.47021484375,30.36962890625
346.1580810546875,214.58460998535156,31.30905532836914
340.9176025390625,226.488037109375,32.34435272216797
335.3873596191406,239.03323364257812,33.42736053466797
330.1435241699219,250.9109344482422,34.3964958190918
325.31689453125,261.8188781738281,35.238136291503906
320.7778015136719,272.0570068359375,35.971378326416016
316.7099914550781,281.2230529785156,36.58931350708008
313.23675537109375,289.0837707519531,37.10743713378906
310.22113037109375,295.9033203125,37.52556228637695
307.4853820800781,301.9583740234375,37.87113571166992
305.1669006347656,307.01739501953125,38.097076416015625
303.0848693847656,311.4010925292969,38.24938201904297
300.79278564453125,315.7428894042969,38.361080169677734
298.1277770996094,320.24542236328125,38.41573715209961
295.3112487792969,324.5911865234375,38.40998840332031
292.5533752441406,328.4696044921875,38.3615837097168
290.020263671875,331.648681640625,38.284278869628906
287.51171875,334.3704833984375,38.19511032104492
284.8204345703125,336.89410400390625,38.07231521606445
281.90625,339.33001708984375,37.93963623046875
278.7269592285156,341.648193359375,37.7962532043457
275.0664978027344,343.9635314941406,37.62742233276367
270.7557067871094,346.30322265625,37.411888122558594
266.1565246582031,348.5584716796875,37.19380569458008
261.2431335449219,350.9833679199219,36.973636627197266
255.7256622314453,353.82159423828125,36.78242874145508
249.68028259277344,356.9362487792969,36.62508010864258
243.3042449951172,360.1534423828125,36.51935577392578
236.27374267578125,363.6499938964844,36.42546463012695
228.8859405517578,367.2615966796875,36.32939147949219
222.5127716064453,370.1734619140625,36.22724914550781
217.9942169189453,371.9164123535156,36.13290023803711
214.49595642089844,372.9008483886719,36.033477783203125
211.4121551513672,373.5082702636719,35.92140197753906
207.88470458984375,374.0090637207031,35.758174896240234
204.4673309326172,374.1950378417969,35.56053161621094
201.11801147460938,374.103759765625,35.319679260253906
197.88218688964844,373.7735900878906,35.05907440185547
194.65206909179688,373.1640319824219,34.75838851928711
191.15948486328125,372.2406005859375,34.40726089477539
187.26901245117188,370.9757080078125,34.002376556396484
183.1249237060547,369.43212890625,33.559749603271484
178.3136444091797,367.56298828125,33.076820373535156
172.51416015625,365.2489318847656,32.528995513916016
166.00054931640625,362.5941162109375,31.959428787231445
158.80711364746094,359.7016906738281,31.378284454345703
150.05921936035156,356.24969482421875,30.695959091186523
140.59197998046875,352.54412841796875,29.99473762512207
132.86314392089844,349.5726318359375,29.444446563720703
128.31524658203125,347.84881591796875,29.124881744384766
125.71098327636719,346.92901611328125,28.943357467651367
122.67998504638672,346.0653381347656,28.74254608154297
118.36396026611328,345.0003662109375,28.464553833007812
113.6329574584961,344.00189208984375,28.17212677001953
108.8218765258789,343.1710510253906,27.889251708984375
104.00840759277344,342.5469665527344,27.652246475219727
99.0383529663086,342.080322265625,27.443580627441406
93.87123107910156,341.7309265136719,27.26253318786621
88.5114974975586,341.5084228515625,27.149682998657227
82.93949890136719,341.4056091308594,27.10856819152832
77.37377166748047,341.3708801269531,27.160785675048828
72.08477783203125,341.349853515625,27.22765350341797
66.95651245117188,341.3970642089844,27.29594612121582
61.41972732543945,341.6196594238281,27.399263381958008
55.42076110839844,342.0583190917969,27.596654891967773
48.88993453979492,342.6810607910156,27.87736701965332
41.143436431884766,343.4907531738281,28.406667709350586
30.943273544311523,344.5723876953125,29.30352783203125
19.619544982910156,345.8319091796875,30.272369384765625
10.432439804077148,346.9900207519531,31.040504455566406
5.052995204925537,347.8864440917969,31.49175453186035
1.7890121936798096,348.65966796875,31.773603439331055
-1.4294673204421997,349.5799865722656,32.09709548950195
-4.625360488891602,350.54510498046875,32.487693786621094
-7.368568420410156,351.5375061035156,32.846805572509766
-9.820596694946289,352.6321105957031,33.1851692199707
-12.100395202636719,353.8680114746094,33.51122283935547
-14.092358589172363,355.18115234375,33.7888298034668
-15.87182903289795,356.6327819824219,34.0275993347168
-17.492862701416016,358.2629699707031,34.23591613769531
-18.963642120361328,360.0815734863281,34.3947868347168
-20.39682388305664,362.2359313964844,34.53092575073242
-21.845897674560547,364.77471923828125,34.67087173461914
-23.153953552246094,367.5103759765625,34.82631301879883
-24.288240432739258,370.5559387207031,35.00790786743164
-25.162517547607422,374.0124816894531,35.21788024902344
-25.95914649963379,378.22833251953125,35.511566162109375
-26.889894485473633,382.96923828125,35.893436431884766
-27.953887939453125,387.93182373046875,36.33797073364258
-29.11639976501465,393.2277526855469,36.831504821777344
-30.346202850341797,398.0944519042969,37.2943115234375
-31.562623977661133,401.98870849609375,37.65876388549805
-32.84222412109375,405.3500671386719,37.983821868896484
-34.25212097167969,408.3818664550781,38.28249740600586
-35.837890625,411.1935119628906,38.58903121948242
-37.601837158203125,413.7032165527344,38.87032699584961
-39.56952667236328,415.9708251953125,39.12178421020508
-41.8282470703125,418.1138916015625,39.34695053100586
-44.306617736816406,420.037841796875,39.52177047729492
-46.96982955932617,421.69720458984375,39.63389205932617
-49.683311462402344,423.0093078613281,39.65226745605469
-52.5359992980957,424.0245666503906,39.56616973876953
-55.59767150878906,424.7967529296875,39.36383819580078
-58.982147216796875,425.385498046875,39.03065872192383
-62.60984420776367,425.7776184082031,38.59122848510742
-66.54156494140625,426.0057373046875,38.04060745239258
-70.41250610351562,426.0556945800781,37.48542022705078
-74.50444793701172,425.954833984375,36.89424133300781
-80.29698944091797,425.8007507324219,36.132179260253906
-88.81092834472656,425.6058654785156,35.242488861083984
-99.15447235107422,425.3548583984375,34.424434661865234
-110.33443450927734,425.0859069824219,33.701602935791016
-122.94538116455078,424.7781677246094,32.977256774902344
-136.38619995117188,424.45263671875,32.347171783447266
-147.91697692871094,424.2088623046875,31.837142944335938
-156.2850341796875,424.0685119628906,31.47418212890625
-162.71380615234375,424.00970458984375,31.200342178344727
-168.33651733398438,424.06243896484375,30.981281280517578
-173.3129425048828,424.1991271972656,30.783273696899414
-177.40257263183594,424.43853759765625,30.632272720336914
-181.558349609375,424.8917541503906,30.470561981201172
-186.06553649902344,425.65972900390625,30.286012649536133
-190.88632202148438,426.6864318847656,30.09257698059082
-195.9140625,427.7594909667969,29.916889190673828
-200.8074188232422,428.7857360839844,29.779869079589844
-205.84487915039062,429.8448486328125,29.67078399658203
-210.9056854248047,430.7673034667969,29.58667755126953
-215.82183837890625,431.44549560546875,29.53032112121582
-220.55801391601562,431.9507751464844,29.49799156188965
-224.98143005371094,432.3368835449219,29.50691032409668
-228.3849334716797,432.6695251464844,29.524738311767578
-231.97677612304688,432.9225158691406,29.56734275817871
-236.99984741210938,432.8681945800781,29.665197372436523
-244.6907958984375,432.2856140136719,29.85235595703125
-253.5404815673828,431.4372863769531,30.10293197631836
-261.0811767578125,430.84466552734375,30.323612213134766
-266.1006774902344,430.6851501464844,30.460941314697266
-270.0132141113281,430.7558288574219,30.548824310302734
-274.8792419433594,430.9817810058594,30.65945053100586
-280.8724060058594,431.33343505859375,30.79412269592285
-287.6832580566406,431.84088134765625,30.898969650268555
-295.82708740234375,432.48681640625,30.975627899169922
-306.383056640625,433.37640380859375,31.03227996826172
-318.2747497558594,434.40521240234375,31.03059196472168
-328.5548400878906,435.2210998535156,30.988571166992188
-336.318359375,435.65875244140625,30.991252899169922
-342.3487243652344,435.8738708496094,30.992883682250977
-346.280517578125,435.9981689453125,30.986751556396484