CENTER
622.163330078125,-251.1154022216797,146.7569580078125
624.2149658203125,-251.04251098632812,146.75567626953125
626.9088134765625,-251.02230834960938,146.7525177001953
630.119384765625,-251.02767944335938,146.75265502929688
633.7206420898438,-251.0314483642578,146.75311279296875
637.5870971679688,-251.00648498535156,146.75222778320312
641.5928955078125,-250.9256134033203,146.75242614746094
645.6121215820312,-250.76173400878906,146.75320434570312
649.5192260742188,-250.48768615722656,146.75732421875
653.1881713867188,-250.07630920410156,146.7512664794922
656.4935302734375,-249.50047302246094,146.74612426757812
659.3092651367188,-248.7330322265625,146.74310302734375
661.7518310546875,-247.8011016845703,146.74270629882812
664.02490234375,-246.74993896484375,146.7452392578125
666.1343383789062,-245.57955932617188,146.7462158203125
668.0858154296875,-244.2899169921875,146.7478485107422
669.8850708007812,-242.88107299804688,146.7523651123047
671.5377807617188,-241.35301208496094,146.7500762939453
673.0496826171875,-239.7057647705078,146.75091552734375
674.4264526367188,-237.93931579589844,146.74998474121094
675.673828125,-236.05368041992188,146.74981689453125
676.7974853515625,-234.04888916015625,146.74697875976562
677.8032836914062,-231.92489624023438,146.74630737304688
678.6061401367188,-229.56642150878906,146.7467498779297
679.1492309570312,-226.9042510986328,146.7440643310547
679.4799194335938,-224.0075225830078,146.7460174560547
679.6456909179688,-220.94549560546875,146.74526977539062
679.6942138671875,-217.78733825683594,146.7438507080078
679.6727294921875,-214.60226440429688,146.7430877685547
679.62890625,-211.45944213867188,146.74310302734375
679.610107421875,-208.4281005859375,146.74288940429688
679.6638793945312,-205.57742309570312,146.7413330078125
679.8377685546875,-202.97662353515625,146.74208068847656
680.1791381835938,-200.6949005126953,146.73867797851562
680.5999755859375,-198.7454833984375,146.73471069335938
680.9968872070312,-197.0625762939453,146.72828674316406
681.39404296875,-195.5966796875,146.7317352294922
681.81591796875,-194.2982940673828,146.72897338867188
682.286865234375,-193.11793518066406,146.7299041748047
682.8311157226562,-192.0061492919922,146.73239135742188
683.4730224609375,-190.91343688964844,146.73165893554688
684.237060546875,-189.79031372070312,146.73097229003906
685.1474609375,-188.58726501464844,146.73094177246094
686.2285766601562,-187.25485229492188,146.73049926757812
687.5048828125,-185.7435302734375,146.7344207763672
688.9900512695312,-184.10739135742188,146.73854064941406
690.6664428710938,-182.43161010742188,146.73912048339844
692.5112915039062,-180.71347045898438,146.73768615722656
694.5015258789062,-178.95022583007812,146.7375946044922
696.6142578125,-177.13917541503906,146.73583984375
698.82666015625,-175.27755737304688,146.73439025878906
701.1156616210938,-173.36268615722656,146.73439025878906
703.45849609375,-171.39178466796875,146.73439025878906
705.8321533203125,-169.36215209960938,146.73439025878906
708.2138061523438,-167.2710418701172,146.73439025878906
710.580322265625,-165.11575317382812,146.73439025878906
712.9641723632812,-162.88995361328125,146.73439025878906
715.4091796875,-160.5927734375,146.7344207763672
717.9094848632812,-158.22962951660156,146.73521423339844
720.4597778320312,-155.80596923828125,146.73594665527344
723.05419921875,-153.3271942138672,146.73663330078125
725.6874389648438,-150.79873657226562,146.73724365234375
728.3536376953125,-148.2259979248047,146.73779296875
731.0473022460938,-145.61444091796875,146.7362823486328
733.7626953125,-142.96945190429688,146.73712158203125
736.4945678710938,-140.29647827148438,146.73780822753906
739.2369384765625,-137.6009063720703,146.7383575439453
742.01806640625,-134.85763549804688,146.73806762695312
744.8606567382812,-132.0458221435547,146.7386016845703
747.7513427734375,-129.17723083496094,146.73899841308594
750.6766357421875,-126.26374053955078,146.7392120361328
753.6229858398438,-123.31715393066406,146.7392120361328
756.5769653320312,-120.34931945800781,146.7389678955078
759.5250244140625,-117.37203216552734,146.73843383789062
762.4537963867188,-114.39714050292969,146.73764038085938
765.3495483398438,-111.43647766113281,146.73648071289062
768.1991577148438,-108.50184631347656,146.73910522460938
770.98876953125,-105.60508728027344,146.73898315429688
773.7384643554688,-102.73307037353516,146.73681640625
776.4742431640625,-99.86529541015625,146.73648071289062
779.1925048828125,-97.00254821777344,146.73782348632812
781.889404296875,-94.14562225341797,146.7373046875
784.5611572265625,-91.29528045654297,146.7372589111328
787.2041015625,-88.45232391357422,146.73805236816406
789.8143310546875,-85.6175308227539,146.73866271972656
792.3882446289062,-82.79168701171875,146.7386016845703
794.9219360351562,-79.97560119628906,146.74032592773438
797.4116821289062,-77.17002868652344,146.73629760742188
799.8538208007812,-74.37577819824219,146.73977661132812
802.2860107421875,-71.55895233154297,146.73570251464844
804.7349853515625,-68.69841003417969,146.7386932373047
807.1802978515625,-65.81397247314453,146.73825073242188
809.6016235351562,-62.925533294677734,146.7381134033203
811.978515625,-60.05291748046875,146.73793029785156
814.2904052734375,-57.21599578857422,146.73916625976562
816.5170288085938,-54.43461608886719,146.73931884765625
818.6380004882812,-51.72861862182617,146.74380493164062
820.6328125,-49.117881774902344,146.74546813964844
822.48095703125,-46.62224197387695,146.7483367919922
824.162109375,-44.26156234741211,146.74624633789062
825.64208984375,-42.12067794799805,146.7480926513672
826.9221801757812,-40.22932434082031,146.75125122070312
828.0350952148438,-38.52468490600586,146.75123596191406
829.0137329101562,-36.943931579589844,146.75418090820312
829.890625,-35.42425537109375,146.75453186035156
830.69873046875,-33.90282440185547,146.75201416015625
831.4707641601562,-32.316837310791016,146.752197265625
832.2394409179688,-30.603458404541016,146.74806213378906
833.03759765625,-28.699878692626953,146.74554443359375
833.89794921875,-26.54327392578125,146.7423553466797
834.8533935546875,-24.070831298828125,146.74298095703125
835.8953247070312,-21.285634994506836,146.73744201660156
836.98388671875,-18.256555557250977,146.73521423339844
838.1044921875,-15.01942253112793,146.72496032714844
839.2423095703125,-11.610075950622559,146.71835327148438
840.3829345703125,-8.064349174499512,146.70948791503906
841.5115966796875,-4.418078422546387,146.6982879638672
842.6138916015625,-0.7071003913879395,146.6898956298828
843.675048828125,3.032749891281128,146.67938232421875
844.680419921875,6.765636444091797,146.6682586669922
845.6155395507812,10.455724716186523,146.65748596191406
846.4658813476562,14.067174911499023,146.6498260498047
847.251708984375,17.656600952148438,146.63873291015625
848.0011596679688,21.29619598388672,146.63119506835938
848.7105102539062,24.973487854003906,146.62596130371094
849.3763427734375,28.67601776123047,146.62088012695312
849.9949951171875,32.391319274902344,146.61805725097656
850.5629272460938,36.10693359375,146.61602783203125
851.0765380859375,39.81038284301758,146.6212615966797
851.5322265625,43.48921203613281,146.6298828125
851.9263916015625,47.130958557128906,146.634521484375
852.2554931640625,50.72315216064453,146.64805603027344
852.5159912109375,54.253326416015625,146.66307067871094
852.7008666992188,57.75446319580078,146.6783905029297
852.8099365234375,61.259647369384766,146.7028045654297
852.849365234375,64.7565689086914,146.72622680664062
852.8255615234375,68.23291015625,146.75445556640625
852.7447509765625,71.67637634277344,146.7920379638672
852.6131591796875,75.07465362548828,146.83067321777344
852.4370727539062,78.41543579101562,146.87741088867188
852.222900390625,81.68641662597656,146.92745971679688
851.9768676757812,84.87528991699219,146.97520446777344
851.7052612304688,87.96974182128906,147.03541564941406
851.4144287109375,90.95746612548828,147.09677124023438
851.03759765625,93.8620834350586,147.16818237304688
850.5281982421875,96.71087646484375,147.2576446533203
849.9224243164062,99.49707794189453,147.37673950195312
849.25634765625,102.21390533447266,147.52330017089844
848.56640625,104.85456085205078,147.7092742919922
847.888671875,107.4122543334961,147.92828369140625
847.2593383789062,109.88021850585938,148.16525268554688
846.7145385742188,112.25166320800781,148.4109649658203
846.2905883789062,114.51980590820312,148.6482391357422
846.0235595703125,116.6778564453125,148.87762451171875
845.949951171875,118.71902465820312,149.0929718017578
846.04736328125,120.62091064453125,149.30223083496094
846.26416015625,122.37728118896484,149.50645446777344
846.5916748046875,124.00567626953125,149.70516967773438
847.021484375,125.52359771728516,149.9068145751953
847.5452880859375,126.94859313964844,150.113037109375
848.154296875,128.29815673828125,150.3304901123047
848.84033203125,129.58982849121094,150.55606079101562
849.5946044921875,130.84112548828125,150.80165100097656
850.4088134765625,132.06956481933594,151.0662078857422
851.2744140625,133.29266357421875,151.35728454589844
852.1829833984375,134.5279541015625,151.6815185546875
853.2095947265625,135.7134246826172,152.03102111816406
854.4083862304688,136.79324340820312,152.40354919433594
855.7393798828125,137.7940216064453,152.81825256347656
857.1626586914062,138.7424774169922,153.26480102539062
858.6381225585938,139.665283203125,153.75538635253906
860.125732421875,140.58917236328125,154.27572631835938
861.5855102539062,141.54075622558594,154.79489135742188
862.9775390625,142.54676818847656,155.2830047607422
864.2617797851562,143.63385009765625,155.7429656982422
865.3980712890625,144.8287353515625,156.169189453125
866.3467407226562,146.1580810546875,156.56430053710938
867.1655883789062,147.5846405029297,156.93748474121094
867.9324340820312,149.05764770507812,157.269287109375
868.63623046875,150.58338928222656,157.5821075439453
869.2661743164062,152.168212890625,157.85675048828125
869.8113403320312,153.81845092773438,158.0994415283203
870.2608032226562,155.54046630859375,158.3218231201172
870.6036376953125,157.3405303955078,158.5128936767578
870.8290405273438,159.22503662109375,158.670166015625
870.9258422851562,161.20028686523438,158.80625915527344
870.883544921875,163.27264404296875,158.90797424316406
870.69091796875,165.44842529296875,158.98541259765625
870.350830078125,167.71798706054688,159.03395080566406
869.8766479492188,170.06878662109375,159.04962158203125
869.2732543945312,172.50282287597656,159.04421997070312
868.5454711914062,175.02206420898438,159.03196716308594
867.6980590820312,177.62850952148438,159.02093505859375
866.736083984375,180.32412719726562,159.00926208496094
865.6641845703125,183.11087036132812,159.01145935058594
864.4874877929688,185.9907989501953,159.02310180664062
863.210693359375,188.96583557128906,159.05247497558594
861.8385620117188,192.0379638671875,159.10472106933594
860.3762817382812,195.2091827392578,159.18296813964844
858.8441772460938,198.46673583984375,159.29075622558594
857.24951171875,201.8008575439453,159.4285125732422
855.5770874023438,205.218017578125,159.6058807373047
853.8114624023438,208.7246856689453,159.8235626220703
851.9373779296875,212.32728576660156,160.08505249023438
849.939697265625,216.03231811523438,160.3885040283203
847.8030395507812,219.84620666503906,160.68392944335938
845.511962890625,223.77545166015625,160.9304656982422
843.0513916015625,227.8264617919922,161.11798095703125
840.4059448242188,232.0057373046875,161.2449188232422
837.5602416992188,236.3197021484375,161.30606079101562
834.3375854492188,240.941162109375,161.29710388183594
830.6480712890625,245.96685791015625,161.2012176513672
826.6068725585938,251.289306640625,161.0266876220703
822.3295288085938,256.8009033203125,160.78073120117188
817.9312133789062,262.3941345214844,160.4913787841797
813.5272827148438,267.96148681640625,160.20285034179688
809.23291015625,273.3953857421875,159.94493103027344
805.16357421875,278.58831787109375,159.7348175048828
801.4344482421875,283.4327697753906,159.58895874023438
798.1608276367188,287.8211669921875,159.5047149658203
795.4583129882812,291.6460266113281,159.4656524658203
793.2750244140625,294.8913879394531,159.447998046875
791.457275390625,297.6624755859375,159.4237518310547
789.9667358398438,300.0333251953125,159.3976287841797
788.76513671875,302.0779724121094,159.36500549316406
787.8141479492188,303.8704833984375,159.32896423339844
787.0755615234375,305.4849548339844,159.28741455078125
786.5108642578125,306.99542236328125,159.24098205566406
786.08203125,308.4759216308594,159.18092346191406
785.7505493164062,310.00054931640625,159.11087036132812
785.4782104492188,311.643310546875,159.03427124023438
785.2266845703125,313.478271484375,158.94085693359375
785.0062255859375,315.36138916015625,158.83912658691406
784.86376953125,317.1271057128906,158.74424743652344
784.8162841796875,318.81756591796875,158.64735412597656
784.8804321289062,320.4747314453125,158.54393005371094
785.0731811523438,322.1405944824219,158.4285888671875
785.411376953125,323.85723876953125,158.30416870117188
785.911865234375,325.6667175292969,158.1630859375
786.5914306640625,327.6109924316406,158.0006561279297
787.4671020507812,329.732177734375,157.8194580078125
788.5555419921875,332.07220458984375,157.61019897460938
789.8736572265625,334.6731262207031,157.3809051513672
791.5347900390625,337.6004943847656,157.115966796875
793.5889892578125,340.8489074707031,156.81558227539062
795.9580078125,344.35369873046875,156.49517822265625
798.5639038085938,348.0503234863281,156.156982421875
801.32861328125,351.8742980957031,155.82138061523438
804.173828125,355.76104736328125,155.49420166015625
807.0216674804688,359.6460266113281,155.17808532714844
809.7939453125,363.46466064453125,154.88380432128906
812.4125366210938,367.1524353027344,154.58729553222656
814.7994384765625,370.64483642578125,154.29331970214844
816.8763427734375,373.8772277832031,154.00750732421875
818.7092895507812,376.8570861816406,153.73260498046875
820.4208374023438,379.65777587890625,153.46554565429688
822.0184326171875,382.3134765625,153.20774841308594
823.509521484375,384.8584899902344,152.9609832763672
824.9014282226562,387.3271179199219,152.7146759033203
826.2017822265625,389.7535705566406,152.47669982910156
827.4177856445312,392.17218017578125,152.2381134033203
828.5569458007812,394.6171875,151.99935913085938
829.6267700195312,397.1228332519531,151.75424194335938
830.634521484375,399.7234191894531,151.50343322753906
831.5877685546875,402.45318603515625,151.2382049560547
832.4905395507812,405.2586975097656,150.9690399169922
833.33740234375,408.07122802734375,150.70437622070312
834.121337890625,410.9023742675781,150.44351196289062
834.8356323242188,413.763671875,150.1851348876953
835.4732055664062,416.6665954589844,149.92630004882812
836.0272827148438,419.622802734375,149.6710968017578
836.4906616210938,422.6436767578125,149.4199981689453
836.8567504882812,425.7408447265625,149.1643524169922
837.118408203125,428.92578125,148.9123077392578
837.268798828125,432.2100830078125,148.66395568847656
837.3009643554688,435.6052551269531,148.41856384277344
837.2330932617188,439.0814514160156,148.17898559570312
837.083740234375,442.60845947265625,147.94981384277344
836.8457641601562,446.19732666015625,147.73342895507812
836.5126953125,449.8589172363281,147.5284423828125
836.0775146484375,453.60430908203125,147.3351287841797
835.5336303710938,457.4444580078125,147.15542602539062
834.8740234375,461.390380859375,146.986328125
834.0921020507812,465.45306396484375,146.82974243164062
833.180908203125,469.6435241699219,146.68592834472656
832.1337890625,473.9726867675781,146.5563201904297
830.94384765625,478.45159912109375,146.44639587402344
829.5431518554688,483.1833190917969,146.3495635986328
827.8980712890625,488.21795654296875,146.2689666748047
826.0535888671875,493.4870910644531,146.2091522216797
824.054443359375,498.9222412109375,146.17832946777344
821.9456787109375,504.4550476074219,146.16761779785156
819.7720947265625,510.0169677734375,146.12648010253906
817.5784301757812,515.5396728515625,146.01524353027344
815.40966796875,520.95458984375,145.83056640625
813.3107299804688,526.1934204101562,145.57533264160156
811.3263549804688,531.1876220703125,145.2588653564453
809.50146484375,535.8688354492188,144.90293884277344
807.7762451171875,540.3275146484375,144.5260009765625
806.067138671875,544.6909790039062,144.11517333984375
804.3828735351562,548.946044921875,143.69117736816406
802.732421875,553.0795288085938,143.26083374023438
801.1248168945312,557.0779418945312,142.83114624023438
799.569091796875,560.9281616210938,142.40625
798.0740356445312,564.6168212890625,141.99205017089844
796.648681640625,568.130859375,141.59402465820312
795.302001953125,571.4569091796875,141.21311950683594
794.0430297851562,574.5817260742188,140.85520935058594
792.880615234375,577.4920654296875,140.52294921875
791.8336791992188,580.13232421875,140.21878051757812
790.9041137695312,582.4830932617188,139.94674682617188
790.0751342773438,584.5860595703125,139.70762634277344
789.3299560546875,586.4822387695312,139.49110412597656
788.6519165039062,588.2130737304688,139.29315185546875
788.0242919921875,589.8197631835938,139.1095733642578
787.4302978515625,591.3438110351562,138.9351348876953
786.853271484375,592.8262939453125,138.7663116455078
786.2763671875,594.3087768554688,138.5957794189453
785.6830444335938,595.832275390625,138.42510986328125
785.0564575195312,597.4384155273438,138.24258422851562
784.431884765625,599.05810546875,138.0603790283203
783.8482055664062,600.6061401367188,137.88421630859375
783.2944946289062,602.0988159179688,137.7189483642578
782.7595825195312,603.5529174804688,137.55746459960938
782.2322387695312,604.9847412109375,137.39901733398438
781.7014770507812,606.4110107421875,137.24034118652344
781.1561889648438,607.84814453125,137.07949829101562
780.5850830078125,609.3126831054688,136.91839599609375
779.9772338867188,610.8211059570312,136.7447509765625
779.3214111328125,612.3900756835938,136.5654754638672
778.6065063476562,614.0360107421875,136.376953125
777.8480834960938,615.7771606445312,136.1717987060547
777.0673217773438,617.6070556640625,135.96075439453125
776.261474609375,619.504638671875,135.7453155517578
775.4280395507812,621.4490966796875,135.5203094482422
774.5643310546875,623.4194946289062,135.29579162597656
773.6676635742188,625.3948974609375,135.06756591796875
772.7354736328125,627.3544921875,134.8475799560547
771.7650146484375,629.27734375,134.6354522705078
770.753662109375,631.1424560546875,134.43228149414062
769.6989135742188,632.9290161132812,134.24020385742188
768.5978393554688,634.6162109375,134.0528106689453
767.4732055664062,636.224365234375,133.87417602539062
766.341064453125,637.7880859375,133.7078857421875
765.189697265625,639.3074951171875,133.54747009277344
764.0071411132812,640.7831420898438,133.39002990722656
762.781494140625,642.2151489257812,133.23486328125
761.5009155273438,643.603759765625,133.08349609375
760.1536254882812,644.94921875,132.9332275390625
758.7276000976562,646.2518310546875,132.78244018554688
757.2109985351562,647.5119018554688,132.62815856933594
755.5919799804688,648.7296142578125,132.4704132080078
753.8588256835938,649.9052124023438,132.30712890625
752.0062866210938,651.0899658203125,132.14224243164062
750.0441284179688,652.3143310546875,131.97640991210938
747.982421875,653.54736328125,131.81539916992188
745.8314819335938,654.7582397460938,131.6582794189453
743.6011962890625,655.9160766601562,131.508544921875
741.3017578125,656.9898681640625,131.36256408691406
738.9432983398438,657.9489135742188,131.22250366210938
736.5359497070312,658.7622680664062,131.08673095703125
734.08984375,659.3990478515625,130.9531707763672
731.614990234375,659.8283081054688,130.8184051513672
729.121826171875,660.0193481445312,130.6742401123047
726.6146240234375,660.0499267578125,130.54043579101562
724.0855712890625,659.9998779296875,130.4080047607422
721.5257568359375,659.8408203125,130.28689575195312
718.9263305664062,659.544677734375,130.1615447998047
716.2784423828125,659.0830688476562,130.03553771972656
713.5731811523438,658.4279174804688,129.89622497558594
710.8016967773438,657.55078125,129.74920654296875
707.9551391601562,656.4235229492188,129.58514404296875
705.0245971679688,655.0178833007812,129.40194702148438
702.001220703125,653.3056030273438,129.18975830078125
698.876220703125,651.2584228515625,128.9488067626953
695.4737548828125,648.6358032226562,128.6481475830078
691.6979370117188,645.3233642578125,128.27017211914062
687.6594848632812,641.4825439453125,127.8288803100586
683.4691772460938,637.274658203125,127.33504486083984
679.2377319335938,632.8609008789062,126.8062744140625
675.0758666992188,628.4027709960938,126.2646255493164
671.0943603515625,624.0615234375,125.73377990722656
667.4039306640625,619.9983520507812,125.23147583007812
664.115478515625,616.374755859375,124.78067779541016
661.3394165039062,613.3519897460938,124.40145874023438
659.186767578125,611.09130859375,124.116455078125
LEFT
621.6513061523438,-243.13180541992188,146.55897521972656
624.0755615234375,-243.10177612304688,146.541015625
626.9011840820312,-243.16017150878906,146.5167694091797
630.1399536132812,-243.26211547851562,146.4902801513672
633.708251953125,-243.37405395507812,146.4668426513672
637.494873046875,-243.46441650390625,146.43971252441406
641.3760375976562,-243.50241088867188,146.4124298095703
645.2190551757812,-243.45863342285156,146.3878173828125
648.881591796875,-243.3063201904297,146.36390686035156
652.2051391601562,-243.0252227783203,146.33676147460938
655.0023193359375,-242.61233520507812,146.32725524902344
657.02685546875,-242.11558532714844,146.34947204589844
659.0452880859375,-241.3677215576172,146.3759765625
660.8665771484375,-240.5220947265625,146.39964294433594
662.5036010742188,-239.58883666992188,146.426025390625
663.9724731445312,-238.57545471191406,146.44760131835938
665.292236328125,-237.48574829101562,146.468505859375
666.4835815429688,-236.31887817382812,146.4851837158203
667.5670776367188,-235.0694580078125,146.50494384765625
668.5615234375,-233.72824096679688,146.52589416503906
669.48291015625,-232.2836151123047,146.54470825195312
670.34375,-230.72340393066406,146.5654754638672
671.1536865234375,-229.03602600097656,146.593994140625
671.6263427734375,-227.7257537841797,146.61203002929688
672.0613403320312,-225.8148956298828,146.64007568359375
672.3919677734375,-223.4379425048828,146.67759704589844
672.60888671875,-220.72183227539062,146.7200469970703
672.7316284179688,-217.77511596679688,146.75326538085938
672.7929077148438,-214.6901397705078,146.7843780517578
672.8330688476562,-211.54547119140625,146.81602478027344
672.8966064453125,-208.40628051757812,146.84588623046875
673.0341796875,-205.3209228515625,146.87380981445312
673.3089599609375,-202.31198120117188,146.90542602539062
673.8179931640625,-199.35858154296875,146.92626953125
674.3114624023438,-197.33743286132812,146.94345092773438
674.7985229492188,-195.50732421875,146.95851135253906
675.314453125,-193.80239868164062,146.97036743164062
675.8970947265625,-192.1717071533203,146.98634338378906
676.5790405273438,-190.59202575683594,146.99363708496094
677.3754272460938,-189.06857299804688,146.98773193359375
678.2802124023438,-187.6129913330078,146.9716033935547
679.2807006835938,-186.21456909179688,146.95216369628906
680.3765869140625,-184.8306884765625,146.92852783203125
681.5867919921875,-183.39784240722656,146.90911865234375
682.9432983398438,-181.8458251953125,146.8875274658203
684.6795043945312,-179.98143005371094,146.85951232910156
686.55224609375,-178.15269470214844,146.83181762695312
688.5458374023438,-176.3353271484375,146.80918884277344
690.6437377929688,-174.51243591308594,146.7796630859375
692.8286743164062,-172.67210388183594,146.7530059814453
695.0821533203125,-170.80560302734375,146.73211669921875
697.3843994140625,-168.90660095214844,146.7157440185547
699.7150268554688,-166.97024536132812,146.70596313476562
702.0529174804688,-164.99301147460938,146.69268798828125
704.3763427734375,-162.97230529785156,146.67642211914062
706.6630859375,-160.90647888183594,146.66983032226562
709.0397338867188,-158.70025634765625,146.66395568847656
711.47607421875,-156.41920471191406,146.65762329101562
713.9664916992188,-154.06932067871094,146.65243530273438
716.5057983398438,-151.65660095214844,146.64730834960938
719.0885009765625,-149.18695068359375,146.6402587890625
721.7095336914062,-146.6663055419922,146.63558959960938
724.3633422851562,-144.10057067871094,146.6314697265625
727.0447387695312,-141.4956817626953,146.6260528564453
729.748291015625,-138.85748291015625,146.61911010742188
732.4691772460938,-136.19187927246094,146.61500549316406
735.2015991210938,-133.5047149658203,146.60940551757812
737.9774169921875,-130.76669311523438,146.60377502441406
740.8138427734375,-127.96096801757812,146.60336303710938
743.6975708007812,-125.09931945800781,146.6112060546875
746.6149291992188,-122.19369506835938,146.6210479736328
749.5524291992188,-119.2559585571289,146.63604736328125
752.4965209960938,-116.2980728149414,146.64634704589844
755.4335327148438,-113.33194732666016,146.64300537109375
758.3499755859375,-110.36959838867188,146.62391662597656
761.23193359375,-107.42305755615234,146.60459899902344
764.0660400390625,-104.50437927246094,146.5859832763672
766.8381958007812,-101.62574005126953,146.5699462890625
769.5819091796875,-98.75994873046875,146.55227661132812
772.3095092773438,-95.90074920654297,146.536376953125
775.0173950195312,-93.0489730834961,146.53053283691406
777.7015991210938,-90.20549774169922,146.5262451171875
780.3583374023438,-87.37117004394531,146.52261352539062
782.98388671875,-84.54692077636719,146.51795959472656
785.5742797851562,-81.733642578125,146.51271057128906
788.1259155273438,-78.93228149414062,146.50685119628906
790.634765625,-76.14382934570312,146.5002899169922
793.0969848632812,-73.36924743652344,146.49569702148438
795.5089111328125,-70.60956573486328,146.49072265625
797.9263305664062,-67.80984497070312,146.4860076904297
800.3584594726562,-64.96900939941406,146.4799041748047
802.7844848632812,-62.1072883605957,146.4729766845703
805.183837890625,-59.24512481689453,146.46926879882812
807.535400390625,-56.403076171875,146.4628143310547
809.818115234375,-53.60199737548828,146.46099853515625
812.0107421875,-50.86307144165039,146.4578399658203
814.0918579101562,-48.207984924316406,146.4532012939453
816.039306640625,-45.65924835205078,146.44699096679688
817.8305053710938,-43.24055099487305,146.44496154785156
819.442138671875,-40.977638244628906,146.4408416748047
820.8991088867188,-38.87004470825195,146.4388427734375
822.1370849609375,-37.040977478027344,146.43601989746094
823.1861572265625,-35.43428421020508,146.43197631835938
824.0809326171875,-33.989261627197266,146.42974853515625
824.861572265625,-32.636592864990234,146.4267120361328
825.5731201171875,-31.29692840576172,146.42080688476562
826.2601318359375,-29.885412216186523,146.4152374267578
826.9622802734375,-28.320077896118164,146.40560913085938
827.7135009765625,-26.528125762939453,146.39878845214844
828.5439453125,-24.446260452270508,146.40090942382812
829.482666015625,-22.017162322998047,146.3991241455078
830.4965209960938,-19.306896209716797,146.39622497558594
831.5611572265625,-16.344284057617188,146.39447021484375
832.660400390625,-13.168923377990723,146.3907470703125
833.7782592773438,-9.819306373596191,146.38919067382812
834.899658203125,-6.333334445953369,146.38046264648438
836.00927734375,-2.748642921447754,146.3738555908203
837.0922241210938,0.8971865177154541,146.3678436279297
838.1333618164062,4.566454887390137,146.3616943359375
839.11767578125,8.221162796020508,146.35520935058594
840.0303955078125,11.822795867919922,146.34588623046875
840.8567504882812,15.332073211669922,146.34226989746094
841.627197265625,18.85133171081543,146.33712768554688
842.3621826171875,22.420759201049805,146.3297576904297
843.057861328125,26.027183532714844,146.32594299316406
843.710693359375,29.657455444335938,146.3257293701172
844.3170166015625,33.29840087890625,146.32786560058594
844.8731079101562,36.93681335449219,146.3304443359375
845.3755493164062,40.559410095214844,146.33604431152344
845.8206787109375,44.1528434753418,146.344482421875
846.2049560546875,47.70364761352539,146.35665893554688
846.525146484375,51.19818878173828,146.37168884277344
846.77783203125,54.622623443603516,146.38941955566406
846.9558715820312,57.993629455566406,146.4097442626953
847.0612182617188,61.37976837158203,146.43394470214844
847.099365234375,64.76770782470703,146.46282958984375
847.0762329101562,68.14423370361328,146.4757537841797
846.99755859375,71.49627685546875,146.53468322753906
846.8692016601562,74.81085205078125,146.57894897460938
846.6971435546875,78.07508850097656,146.62820434570312
846.487548828125,81.2762222290039,146.69349670410156
846.2463989257812,84.40157318115234,146.78953552246094
845.9798583984375,87.43858337402344,146.8932647705078
845.6940307617188,90.37482452392578,147.0132598876953
845.3563842773438,92.97541046142578,147.13571166992188
844.8898315429688,95.58338165283203,147.27418518066406
844.3226928710938,98.19119262695312,147.45668029785156
843.6849975585938,100.7918472290039,147.6700439453125
843.0086669921875,103.37998962402344,147.92431640625
842.326904296875,105.9529800415039,148.2250213623047
841.6744995117188,108.5119400024414,148.54441833496094
841.0887451171875,111.0629653930664,148.8508758544922
840.6116943359375,113.61831665039062,149.1033172607422
840.293701171875,116.19673919677734,149.29945373535156
840.2008666992188,118.8204345703125,149.491455078125
840.3189086914062,121.1180648803711,149.67156982421875
840.5880737304688,123.29635620117188,149.84695434570312
841.0031127929688,125.35860443115234,150.0274200439453
841.5540771484375,127.30403900146484,150.21661376953125
842.2254028320312,129.13064575195312,150.41104125976562
842.9959106445312,130.83851623535156,150.6234130859375
843.84228515625,132.4326934814453,150.85894775390625
844.740966796875,133.92404174804688,151.11215209960938
845.6716918945312,135.3286895751953,151.37440490722656
846.6181030273438,136.666259765625,151.64785766601562
847.5682983398438,137.95828247070312,151.93499755859375
849.1284790039062,139.7626190185547,152.3912353515625
850.7789916992188,141.24868774414062,152.83998107910156
852.4423828125,142.4966583251953,153.288330078125
854.0703125,143.57766723632812,153.73947143554688
855.6246337890625,144.5458221435547,154.19166564941406
857.0682983398438,145.43898010253906,154.65963745117188
858.3621215820312,146.2800750732422,155.13876342773438
859.4664916992188,147.07754516601562,155.5700225830078
860.3474731445312,147.82501220703125,155.9293212890625
860.9898071289062,148.5059051513672,156.20664978027344
861.4130249023438,149.11122131347656,156.4126434326172
862.11083984375,150.3572540283203,156.78384399414062
862.7398071289062,151.61228942871094,157.10415649414062
863.2958984375,152.88107299804688,157.36241149902344
863.776123046875,154.16986083984375,157.5738067626953
864.1783447265625,155.48696899414062,157.7624969482422
864.5001831054688,156.84307861328125,157.9572296142578
864.738525390625,158.25128173828125,158.0989227294922
864.8890991210938,159.72683715820312,158.22000122070312
864.9448852539062,161.2862548828125,158.31858825683594
864.8973388671875,162.94639587402344,158.3883819580078
864.73486328125,164.7234649658203,158.43397521972656
864.447998046875,166.67552185058594,158.44122314453125
864.0449829101562,168.75326538085938,158.42608642578125
863.5234985351562,170.95541381835938,158.415283203125
862.882568359375,173.27978515625,158.4163360595703
862.1224365234375,175.7238311767578,158.42384338378906
861.2444458007812,178.2849884033203,158.4394989013672
860.2503662109375,180.96083068847656,158.46669006347656
859.142822265625,183.74932861328125,158.49444580078125
857.9244995117188,186.64862060546875,158.53976440429688
856.59814453125,189.65724182128906,158.6114959716797
855.1673583984375,192.7741241455078,158.71182250976562
853.6425170898438,196.00254821777344,158.83840942382812
852.0528564453125,199.2891845703125,159.0102996826172
850.3849487304688,202.64285278320312,159.2024688720703
848.6251831054688,206.07244873046875,159.43572998046875
846.7598876953125,209.58692932128906,159.71792602539062
844.775634765625,213.1954345703125,160.05154418945312
842.6585693359375,216.90704345703125,160.3699493408203
840.394775390625,220.73101806640625,160.6489715576172
837.9703369140625,224.67652893066406,160.8821258544922
835.3711547851562,228.7528533935547,161.04318237304688
832.5829467773438,232.96914672851562,161.15560913085938
829.46728515625,237.44517517089844,161.19944763183594
825.858642578125,242.38348388671875,161.162841796875
821.8809814453125,247.65597534179688,161.0478057861328
817.6544189453125,253.1440887451172,160.86520385742188
813.2958984375,258.7341003417969,160.6428985595703
808.9208984375,264.3151550292969,160.41322326660156
804.6431274414062,269.7786560058594,160.21026611328125
800.5750122070312,275.0184631347656,160.0425262451172
796.8262939453125,279.93212890625,159.9663848876953
793.50244140625,284.424560546875,159.91989135742188
790.6996459960938,288.41839599609375,159.91798400878906
788.4962768554688,291.7105407714844,159.90090942382812
786.6358032226562,294.55743408203125,159.8815460205078
785.0737915039062,297.04754638671875,159.8463897705078
783.7669677734375,299.272705078125,159.81919860839844
782.6776733398438,301.3239440917969,159.78897094726562
781.7800903320312,303.2806701660156,159.7440185546875
781.0615234375,305.1936950683594,159.6935577392578
780.5113525390625,307.07861328125,159.6268768310547
780.1029663085938,308.9384460449219,159.55738830566406
779.7910766601562,310.8016052246094,159.479248046875
779.5245361328125,312.7381591796875,159.3972930908203
779.2846069335938,314.78131103515625,159.3076629638672
779.11962890625,316.8006896972656,159.2158203125
779.0595703125,318.8365478515625,159.11776733398438
779.136474609375,320.9109802246094,159.00933837890625
779.3779296875,323.0287780761719,158.89004516601562
779.8001708984375,325.18817138671875,158.79945373535156
780.408447265625,327.39508056640625,158.61192321777344
781.2040405273438,329.6716003417969,158.4225616455078
782.1908569335938,332.0557556152344,158.2309112548828
783.378173828125,334.59521484375,157.98748779296875
784.780517578125,337.34197998046875,157.73184204101562
786.62451171875,340.56488037109375,157.41322326660156
788.8109130859375,343.9869079589844,157.06080627441406
791.27734375,347.594482421875,156.688720703125
793.9552001953125,351.34796142578125,156.31993103027344
796.771484375,355.1959228515625,155.9431915283203
799.650390625,359.08062744140625,155.55224609375
802.5142211914062,362.9403991699219,155.1803436279297
805.2833862304688,366.7103271484375,154.82911682128906
807.8764038085938,370.3216857910156,154.4985809326172
810.2089233398438,373.7000732421875,154.16856384277344
812.1923217773438,376.7599182128906,153.85894775390625
814.0302124023438,379.7298583984375,153.5496368408203
815.7328491210938,382.5047912597656,153.2490692138672
817.3067626953125,385.1156311035156,152.9574737548828
818.75927734375,387.5939636230469,152.68011474609375
820.0986328125,389.9723815917969,152.412353515625
821.334716796875,392.2847900390625,152.15213012695312
822.4783325195312,394.5672302246094,151.89695739746094
823.5414428710938,396.8577575683594,151.6387176513672
824.5361938476562,399.1961669921875,151.37429809570312
825.4741821289062,401.6235046386719,151.1026611328125
826.3662109375,404.180908203125,150.81871032714844
827.240234375,406.89703369140625,150.51907348632812
828.054443359375,409.6010437011719,150.2289581298828
828.8032836914062,412.30523681640625,149.9414520263672
829.4815673828125,415.0223083496094,149.65927124023438
830.0841064453125,417.76544189453125,149.3979034423828
830.605712890625,420.54840087890625,149.1504669189453
831.0408935546875,423.3851013183594,148.91107177734375
831.3842163085938,426.28997802734375,148.6691131591797
831.629638671875,429.2774963378906,148.43016052246094
831.7708740234375,432.3622741699219,148.18829345703125
831.8011474609375,435.55865478515625,147.9523162841797
831.7356567382812,438.91259765625,147.718994140625
831.591796875,442.31109619140625,147.4984130859375
831.3626098632812,445.7669982910156,147.2852020263672
831.0418701171875,449.2928771972656,147.09066772460938
830.6226196289062,452.9015197753906,146.90640258789062
830.0980224609375,456.6054382324219,146.73521423339844
829.4608154296875,460.4171142578125,146.57510375976562
828.7041015625,464.34869384765625,146.42483520507812
827.8204956054688,468.4122619628906,146.29086303710938
826.8028564453125,472.6195068359375,146.17398071289062
825.643798828125,476.9820861816406,146.069580078125
824.2937622070312,481.5420227050781,145.9818115234375
822.6898193359375,486.450439453125,145.91152954101562
820.8782348632812,491.6255187988281,145.86080932617188
818.9048461914062,496.99053955078125,145.83944702148438
816.8156127929688,502.4720458984375,145.8467254638672
814.6558837890625,507.99847412109375,145.8387451171875
812.470703125,513.499755859375,145.7646026611328
810.3050537109375,518.906982421875,145.61581420898438
808.2034301757812,524.1525268554688,145.39453125
806.2097778320312,529.1700439453125,145.11221313476562
804.3675537109375,533.895751953125,144.7834014892578
802.6511840820312,538.3316650390625,144.43902587890625
800.9498291015625,542.6753540039062,144.05569458007812
799.2721557617188,546.9136352539062,143.63290405273438
797.627197265625,551.0333862304688,143.17539978027344
796.0238647460938,555.021240234375,142.7162322998047
794.4710083007812,558.8643188476562,142.2667694091797
792.9773559570312,562.549560546875,141.8307647705078
791.5516357421875,566.0643920898438,141.40896606445312
790.20263671875,569.3961791992188,141.0059051513672
788.9389038085938,572.5327758789062,140.6317596435547
787.768798828125,575.4625244140625,140.28024291992188
786.720458984375,578.1076049804688,139.96482849121094
785.7899780273438,580.4639282226562,139.68321228027344
784.96044921875,582.5729370117188,139.42979431152344
784.21484375,584.4754028320312,139.20481872558594
783.536376953125,586.212158203125,138.99636840820312
782.9083251953125,587.8238525390625,138.8081512451172
782.3137817382812,589.351318359375,138.62579345703125
781.7360229492188,590.8351440429688,138.44766235351562
781.1580200195312,592.3165893554688,138.27365112304688
780.5628662109375,593.836669921875,138.09674072265625
779.9334106445312,595.4373168945312,137.90609741210938
779.285888671875,597.0979614257812,137.70632934570312
778.6817016601562,598.676513671875,137.5244903564453
778.11083984375,600.1867065429688,137.35055541992188
777.5631103515625,601.6432495117188,137.1810302734375
777.0279541015625,603.0612182617188,137.01907348632812
776.494873046875,604.4572143554688,136.85922241210938
775.9527587890625,605.8489990234375,136.69528198242188
775.39013671875,607.2553100585938,136.52590942382812
774.7955932617188,608.6957397460938,136.36170959472656
774.1572265625,610.1903686523438,136.1828155517578
773.4630126953125,611.7589721679688,135.99258422851562
772.6704711914062,613.5510864257812,135.77867126464844
771.870361328125,615.4003295898438,135.55345153808594
771.0575561523438,617.28955078125,135.32684326171875
770.2283935546875,619.2000732421875,135.1002197265625
769.3800048828125,621.1117553710938,134.86990356445312
768.5104370117188,623.0033569335938,134.63026428222656
767.6190185546875,624.8527221679688,134.3924560546875
766.7058715820312,626.6365966796875,134.16244506835938
765.772705078125,628.3309326171875,133.9518585205078
764.8236083984375,629.9108276367188,133.75137329101562
763.864990234375,631.350830078125,133.56732177734375
762.7698974609375,632.8837280273438,133.37249755859375
761.6843872070312,634.3451538085938,133.18740844726562
760.5992431640625,635.7363891601562,133.01512145996094
759.5048217773438,637.0601196289062,132.853759765625
758.3909912109375,638.320068359375,132.69517517089844
757.2468872070312,639.52099609375,132.53933715820312
756.0608520507812,640.6688232421875,132.38632202148438
754.8193359375,641.7700805664062,132.2334747314453
753.5079956054688,642.83154296875,132.08010864257812
752.1110229492188,643.8595581054688,131.9224395751953
750.6119384765625,644.859619140625,131.76031494140625
748.7897338867188,646.013916015625,131.57505798339844
746.9013671875,647.1854248046875,131.38893127441406
744.9548950195312,648.3463134765625,131.19204711914062
742.9613647460938,649.46826171875,131.02174377441406
740.9337768554688,650.5227661132812,130.85369873046875
738.8873291015625,651.481689453125,130.71551513671875
736.8388671875,652.31884765625,130.56678771972656
734.8063354492188,653.0099487304688,130.4198455810547
732.8079223632812,653.5341186523438,130.31150817871094
730.8599243164062,653.8750610351562,130.17648315429688
728.9741821289062,654.0211791992188,130.0667266845703
726.6266479492188,654.0480346679688,129.92860412597656
724.3212280273438,653.9977416992188,129.80105590820312
722.043701171875,653.8496704101562,129.6745147705078
719.77685546875,653.5840454101562,129.55642700195312
717.500244140625,653.1799926757812,129.43545532226562
715.1904907226562,652.6149291992188,129.30792236328125
712.8226928710938,651.8623046875,129.17282104492188
710.372314453125,650.892578125,129.01947021484375
707.816650390625,649.6727294921875,128.85145568847656
705.1362915039062,648.1677856445312,128.65328979492188
702.3157348632812,646.3421630859375,128.42747497558594
699.28759765625,644.0409545898438,128.153076171875
695.7098999023438,640.9528198242188,127.78772735595703
691.7799682617188,637.2791137695312,127.35496520996094
687.646240234375,633.201904296875,126.86842346191406
683.4385986328125,628.8932495117188,126.34971618652344
679.2782592773438,624.5198364257812,125.82364654541016
675.2820434570312,620.2448120117188,125.31036376953125
671.5634155273438,616.228271484375,124.82270812988281
668.2317504882812,612.6263427734375,124.38035583496094
665.3870849609375,609.586181640625,124.005615234375
663.0990600585938,607.2255249023438,123.71553039550781
RIGHT
622.6753540039062,-259.0989990234375,146.83871459960938
624.3543701171875,-258.9832458496094,146.85072326660156
626.9164428710938,-258.8844299316406,146.87046813964844
630.0988159179688,-258.7932434082031,146.88980102539062
633.7330322265625,-258.6888427734375,146.91514587402344
637.6793212890625,-258.5485534667969,146.9420166015625
641.8097534179688,-258.34881591796875,146.96923828125
646.0051879882812,-258.0648498535156,147.0004425048828
650.1568603515625,-257.6690673828125,147.02590942382812
654.1712036132812,-257.12738037109375,147.05194091796875
657.9847412109375,-256.38861083984375,147.0526123046875
661.5916748046875,-255.35047912597656,147.01812744140625
664.4583740234375,-254.23448181152344,146.996337890625
667.1832275390625,-252.977783203125,146.97946166992188
669.7650756835938,-251.57028198242188,146.96104431152344
672.1991577148438,-250.00437927246094,146.93934631347656
674.4779052734375,-248.27639770507812,146.9225616455078
676.5919799804688,-246.38714599609375,146.9030303955078
678.5322875976562,-244.34207153320312,146.8787078857422
680.2913818359375,-242.150390625,146.8587188720703
681.86474609375,-239.82374572753906,146.834228515625
683.251220703125,-237.37437438964844,146.81362915039062
684.452880859375,-234.8137664794922,146.79061889648438
685.5859375,-231.40708923339844,146.75732421875
686.2371215820312,-227.9936065673828,146.7284393310547
686.56787109375,-224.5771026611328,146.69921875
686.6824951171875,-221.16915893554688,146.6648712158203
686.6567993164062,-217.799560546875,146.6245574951172
686.5525512695312,-214.51438903808594,146.5927734375
686.4247436523438,-211.3734130859375,146.55859375
686.3236083984375,-208.44992065429688,146.52769470214844
686.2935791015625,-205.83392333984375,146.4990692138672
686.3665771484375,-203.64126586914062,146.47657775878906
686.540283203125,-202.03121948242188,146.4539031982422
686.8884887695312,-200.15353393554688,146.42652893066406
687.1952514648438,-198.61782836914062,146.40310668945312
687.4736328125,-197.39096069335938,146.38363647460938
687.7347412109375,-196.4248809814453,146.37115478515625
687.9946899414062,-195.6438446044922,146.3690643310547
688.2868041992188,-194.9437255859375,146.37661743164062
688.6658325195312,-194.21388244628906,146.38815307617188
689.1934204101562,-193.36605834960938,146.4044189453125
689.9183349609375,-192.34384155273438,146.42579650878906
690.870361328125,-191.1118621826172,146.4563446044922
692.0664672851562,-189.6412353515625,146.49386596679688
693.3005981445312,-188.2333526611328,146.52426147460938
694.7806396484375,-186.7105255126953,146.55471801757812
696.4767456054688,-185.09161376953125,146.5799102783203
698.3593139648438,-183.3880157470703,146.6036834716797
700.3998413085938,-181.6062469482422,146.6216278076172
702.5711669921875,-179.74951171875,146.64341735839844
704.846923828125,-177.8187713623047,146.66404724121094
707.2019653320312,-175.81332397460938,146.6797332763672
709.6113891601562,-173.73129272460938,146.69195556640625
712.05126953125,-171.5697784423828,146.6991729736328
714.49755859375,-169.3250274658203,146.71090698242188
716.8886108398438,-167.07965087890625,146.71678161621094
719.34228515625,-164.76634216308594,146.72265625
721.8524780273438,-162.3899383544922,146.72994995117188
724.4137573242188,-159.95533752441406,146.73439025878906
727.0198974609375,-157.46743774414062,146.7431182861328
729.6653442382812,-154.93116760253906,146.74710083007812
732.3439331054688,-152.35142517089844,146.75607299804688
735.0498657226562,-149.7332000732422,146.76109313964844
737.777099609375,-147.0814208984375,146.76454162597656
740.5199584960938,-144.4010772705078,146.76925659179688
743.2722778320312,-141.6970977783203,146.77528381347656
746.0587158203125,-138.94857788085938,146.7814178466797
748.907470703125,-136.13067626953125,146.78765869140625
751.8051147460938,-133.25514221191406,146.7937774658203
754.7383422851562,-130.3337860107422,146.7998046875
757.6935424804688,-127.37834930419922,146.8056640625
760.6574096679688,-124.40056610107422,146.81137084960938
763.6165161132812,-121.41211700439453,146.81689453125
766.5576171875,-118.4246826171875,146.8222198486328
769.4671630859375,-115.44989776611328,146.8273162841797
772.332275390625,-112.49931335449219,146.83119201660156
775.1393432617188,-109.58443450927734,146.8367919921875
777.89501953125,-106.70619201660156,146.84353637695312
780.6389770507812,-103.82984161376953,146.84828186035156
783.3676147460938,-100.95612335205078,146.8516082763672
786.0772094726562,-98.08574676513672,146.8580322265625
788.7639770507812,-95.21939086914062,146.86322021484375
791.42431640625,-92.35772705078125,146.87095642089844
794.0543823242188,-89.50141906738281,146.87330627441406
796.6505737304688,-86.65109252929688,146.88055419921875
799.2091064453125,-83.807373046875,146.88555908203125
801.7263793945312,-80.97080993652344,146.88885498046875
804.19873046875,-78.1419906616211,146.89321899414062
806.6456909179688,-75.30805969238281,146.8987579345703
809.1115112304688,-72.42781066894531,146.9032440185547
811.5761108398438,-69.52066040039062,146.90731811523438
814.0194091796875,-66.60594177246094,146.9158477783203
816.421630859375,-63.7027587890625,146.91879272460938
818.7626953125,-60.829994201660156,146.92591857910156
821.0233154296875,-58.006160736083984,146.9347381591797
823.1841430664062,-55.24925231933594,146.9422607421875
825.226318359375,-52.576515197753906,146.94956970214844
827.1314086914062,-50.00393295288086,146.95626831054688
828.882080078125,-47.54548645019531,146.960205078125
830.3850708007812,-45.37131118774414,146.96795654296875
831.707275390625,-43.41767120361328,146.97500610351562
832.884033203125,-41.61508560180664,146.97952270507812
833.946533203125,-39.89860153198242,146.985107421875
834.919677734375,-38.211917877197266,146.98719787597656
835.8243408203125,-36.50872039794922,146.99044799804688
836.681396484375,-34.748260498046875,146.99270629882812
837.5166015625,-32.8868408203125,146.99435424804688
838.3616943359375,-30.871631622314453,146.99856567382812
839.251953125,-28.640287399291992,146.99664306640625
840.22412109375,-26.124500274658203,146.99229431152344
841.2941284179688,-23.264373779296875,146.9858856201172
842.4066162109375,-20.168827056884766,146.97708129882812
843.548583984375,-16.869922637939453,146.9683837890625
844.7063598632812,-13.400845527648926,146.95828247070312
845.8662109375,-9.795364379882812,146.94459533691406
847.013916015625,-6.0875139236450195,146.93017578125
848.1355590820312,-2.311387300491333,146.91676330566406
849.2167358398438,1.4990447759628296,146.9047088623047
850.2431640625,5.310110092163086,146.89041137695312
851.20068359375,9.088653564453125,146.87606811523438
852.0750122070312,12.802276611328125,146.8642120361328
852.876220703125,16.461870193481445,146.85006713867188
853.64013671875,20.171632766723633,146.83790588378906
854.3631591796875,23.91979217529297,146.82948303222656
855.0419921875,27.694580078125,146.82275390625
855.6729736328125,31.48423957824707,146.81686401367188
856.2527465820312,35.27705383300781,146.813720703125
856.7775268554688,39.06135559082031,146.8129425048828
857.2437744140625,42.82558059692383,146.81585693359375
857.6478271484375,46.55826950073242,146.82176208496094
857.98583984375,50.24811553955078,146.82778930664062
858.254150390625,53.884029388427734,146.84312438964844
858.4458618164062,57.515296936035156,146.85614013671875
858.5586547851562,61.1395263671875,146.8724365234375
858.599365234375,64.74542999267578,146.89488220214844
858.5748901367188,68.32158660888672,146.92335510253906
858.491943359375,71.85647583007812,146.9554901123047
858.3571166992188,75.33845520019531,146.99241638183594
858.177001953125,78.75578308105469,147.03311157226562
857.958251953125,82.09661102294922,147.06826782226562
857.7073364257812,85.34900665283203,147.07379150390625
857.4306640625,88.50090026855469,147.08026123046875
857.1348266601562,91.54010772705078,147.0926513671875
856.7188110351562,94.7487564086914,147.11788940429688
856.1665649414062,97.83837127685547,147.14134216308594
855.5221557617188,100.80296325683594,147.1961212158203
854.8276977539062,103.6359634399414,147.2762908935547
854.1241455078125,106.32913208007812,147.3923797607422
853.450439453125,108.87152862548828,147.5364990234375
852.8441772460938,111.24849700927734,147.70028686523438
852.34033203125,113.44036102294922,147.8746337890625
851.969482421875,115.42129516601562,148.08865356445312
851.75341796875,117.15897369384766,148.35531616210938
851.6990356445312,118.61761474609375,148.59268188476562
851.7758178710938,120.1237564086914,148.83485412597656
851.9402465820312,121.45820617675781,149.05990600585938
852.1802368164062,122.65274810791016,149.2763671875
852.4888916015625,123.74315643310547,149.48440551757812
852.8651733398438,124.76654052734375,149.7041015625
853.3126831054688,125.7577896118164,149.919677734375
853.83837890625,126.7469711303711,150.1490936279297
854.4482421875,127.7582015991211,150.38580322265625
855.1459350585938,128.81044006347656,150.66603088378906
855.9307250976562,129.9190673828125,150.9868621826172
856.7976684570312,131.09762573242188,151.36544799804688
857.2907104492188,131.6642303466797,151.56640625
858.0377807617188,132.33779907226562,151.84783935546875
859.036376953125,133.0913848876953,152.214111328125
860.2550048828125,133.90728759765625,152.66627502441406
861.651611328125,134.7847442626953,153.21484375
863.1831665039062,135.73936462402344,153.7926788330078
864.8088989257812,136.8014373779297,154.35499572753906
866.4885864257812,138.0159912109375,154.9026336669922
868.1760864257812,139.44268798828125,155.4592742919922
869.8063354492188,141.1515655517578,156.0131378173828
871.2804565429688,143.20494079589844,156.578369140625
872.2203369140625,144.81202697753906,156.96603393554688
873.1250610351562,146.5030059814453,157.3367462158203
873.9765625,148.28570556640625,157.69140625
874.7562255859375,150.16656494140625,158.03350830078125
875.4443359375,152.14993286132812,158.33753967285156
876.0214233398438,154.23785400390625,158.59629821777344
876.46875,156.42977905273438,158.82249450683594
876.7689819335938,158.72323608398438,159.01638793945312
876.9067993164062,161.11431884765625,159.1888427734375
876.8697509765625,163.59889221191406,159.3314971923828
876.64697265625,166.1733856201172,159.4428253173828
876.253662109375,168.7604522705078,159.52545166015625
875.7083129882812,171.38430786132812,159.57737731933594
875.0230102539062,174.05023193359375,159.58204650878906
874.2083740234375,176.76434326171875,159.5533447265625
873.273681640625,179.53318786621094,159.52113342285156
872.2277221679688,182.36326599121094,159.49099731445312
871.0780029296875,185.2609100341797,159.47122192382812
869.8321533203125,188.23226928710938,159.45079040527344
868.4968872070312,191.28305053710938,159.4743194580078
867.0789794921875,194.41868591308594,159.50494384765625
865.585205078125,197.6442413330078,159.55885314941406
864.0458374023438,200.93092346191406,159.64794921875
862.4461669921875,204.31253051757812,159.76382446289062
860.7692260742188,207.79318237304688,159.92141723632812
858.9977416992188,211.37692260742188,160.1190643310547
857.1148681640625,215.06764221191406,160.35797119140625
855.103759765625,218.86920166015625,160.6405792236328
852.947509765625,222.78536987304688,160.90269470214844
850.629150390625,226.81988525390625,161.11346435546875
848.1324462890625,230.9763946533203,161.2752227783203
845.4407348632812,235.2586212158203,161.34841918945312
842.5375366210938,239.67025756835938,161.3612823486328
839.2078857421875,244.43714904785156,161.3030548095703
835.4375,249.55023193359375,161.14561462402344
831.332763671875,254.92263793945312,160.90664672851562
827.004638671875,260.45770263671875,160.59983825683594
822.5665283203125,266.0541687011719,160.25045776367188
818.1336669921875,271.6078186035156,159.89930725097656
813.8226928710938,277.0121154785156,159.57937622070312
809.7521362304688,282.1581726074219,159.31689453125
806.0426025390625,286.93341064453125,159.12937927246094
802.8192138671875,291.2177734375,159.0022430419922
800.2169799804688,294.8736572265625,158.92845153808594
798.0537719726562,298.0722351074219,158.8989715576172
796.2787475585938,300.76751708984375,158.87451171875
794.8596801757812,303.01910400390625,158.84109497070312
793.7633056640625,304.88323974609375,158.80850219726562
792.9506225585938,306.4170227050781,158.77818298339844
792.3710327148438,307.6892395019531,158.73916625976562
791.960205078125,308.7971496582031,158.69422912597656
791.6527099609375,309.87322998046875,158.64601135253906
791.3981323242188,311.0626525878906,158.582275390625
791.1653442382812,312.4850158691406,158.49935913085938
790.9288330078125,314.2183837890625,158.38848876953125
790.7278442382812,315.94146728515625,158.27674865722656
790.60791015625,317.4535217285156,158.1719970703125
790.572998046875,318.798583984375,158.07286071777344
790.6243896484375,320.0384826660156,157.97555541992188
790.7684326171875,321.2524108886719,157.87042236328125
791.0225830078125,322.52630615234375,157.75535583496094
791.415283203125,323.9383544921875,157.6208953857422
791.9788208007812,325.5503845214844,157.47227478027344
792.7433471679688,327.4085998535156,157.31210327148438
793.73291015625,329.5491943359375,157.13780212402344
794.966796875,332.0042724609375,156.94088745117188
796.445068359375,334.6361083984375,156.7256317138672
798.3670654296875,337.7109069824219,156.47804260253906
800.638671875,341.1129150390625,156.2056884765625
803.172607421875,344.752685546875,155.9235076904297
805.8857421875,348.55267333984375,155.64273071289062
808.697265625,352.44146728515625,155.36070251464844
811.5291137695312,356.3516540527344,155.09608459472656
814.3045043945312,360.218994140625,154.8404998779297
816.9486694335938,363.9831848144531,154.58969116210938
819.3899536132812,367.589599609375,154.3270263671875
821.5603637695312,370.9945373535156,154.0668182373047
823.3883666992188,373.98431396484375,153.82737731933594
825.1088256835938,376.8107604980469,153.59388732910156
826.7301025390625,379.5113220214844,153.36880493164062
828.259765625,382.1230163574219,153.1465301513672
829.7042236328125,384.6818542480469,152.9279327392578
831.06884765625,387.22235107421875,152.70851135253906
832.3572387695312,389.7771301269531,152.49366760253906
833.5724487304688,392.3766174316406,152.27011108398438
834.7173461914062,395.04949951171875,152.04641723632812
835.7948608398438,397.8233337402344,151.81295776367188
836.809326171875,400.7254638671875,151.56614685058594
837.7408447265625,403.620361328125,151.32852172851562
838.620361328125,406.5414123535156,151.091064453125
839.4393920898438,409.49951171875,150.8517303466797
840.189697265625,412.5050354003906,150.61868286132812
840.8623046875,415.5677490234375,150.3664093017578
841.4488525390625,418.69720458984375,150.09934997558594
841.9404296875,421.9022521972656,149.83477783203125
842.3292846679688,425.19171142578125,149.5725860595703
842.607177734375,428.5740661621094,149.3069610595703
842.7667236328125,432.0578918457031,149.048095703125
842.80078125,435.65185546875,148.7891082763672
842.7305297851562,439.25030517578125,148.54644775390625
842.57568359375,442.90582275390625,148.31231689453125
842.3289184570312,446.6276550292969,148.08897399902344
841.9835205078125,450.4249572753906,147.8753662109375
841.5324096679688,454.3070983886719,147.672119140625
840.96923828125,458.2834777832031,147.4852294921875
840.2872314453125,462.3636474609375,147.3115692138672
839.4801025390625,466.55743408203125,147.14271545410156
838.5413208007812,470.8747863769531,146.9886932373047
837.4647216796875,475.32586669921875,146.85760498046875
836.243896484375,479.9211120605469,146.73599243164062
834.7925415039062,484.8246154785156,146.6265869140625
833.1063232421875,489.9854736328125,146.5375213623047
831.2289428710938,495.3486633300781,146.46839904785156
829.2040405273438,500.85394287109375,146.43118286132812
827.0757446289062,506.43804931640625,146.4030303955078
824.8883056640625,512.0354614257812,146.3246307373047
822.6861572265625,517.57958984375,146.17579650878906
820.5142822265625,523.002197265625,145.95379638671875
818.4180297851562,528.2343139648438,145.66404724121094
816.4429321289062,533.2052001953125,145.31207275390625
814.6353759765625,537.8419189453125,144.93551635742188
812.9013061523438,542.3233642578125,144.52102661132812
811.1844482421875,546.7066040039062,144.08624267578125
809.4935913085938,550.9784545898438,143.66058349609375
807.837646484375,555.1256713867188,143.26141357421875
806.2257690429688,559.1346435546875,142.85818481445312
804.6671752929688,562.9920043945312,142.45652770996094
803.1707153320312,566.68408203125,142.0671844482422
801.7457275390625,570.1973266601562,141.68692016601562
800.4013671875,573.5176391601562,141.328125
799.1471557617188,576.6306762695312,140.98944091796875
797.992431640625,579.5216064453125,140.67222595214844
796.9468994140625,582.1570434570312,140.38232421875
796.0182495117188,584.5022583007812,140.1268310546875
795.1898193359375,586.5991821289062,139.8961944580078
794.445068359375,588.4890747070312,139.68844604492188
793.7674560546875,590.2139892578125,139.49899291992188
793.1402587890625,591.815673828125,139.32110595703125
792.5468139648438,593.3363037109375,139.15579223632812
791.9705200195312,594.8174438476562,138.992919921875
791.3947143554688,596.3009643554688,138.83056640625
790.80322265625,597.827880859375,138.6642303466797
790.1795043945312,599.4395141601562,138.4903564453125
789.577880859375,601.0182495117188,138.31378173828125
789.0147094726562,602.5357666015625,138.1521759033203
788.4781494140625,604.0109252929688,137.99554443359375
787.9560546875,605.4625854492188,137.83889770507812
787.4365234375,606.9082641601562,137.6885223388672
786.9080810546875,608.3648071289062,137.53086853027344
786.359619140625,609.8472900390625,137.37533569335938
785.780029296875,611.3700561523438,137.1999053955078
785.1588745117188,612.9464721679688,137.03964233398438
784.485595703125,614.5897827148438,136.8601531982422
783.75,616.3130493164062,136.6654815673828
783.0256958007812,618.0032348632812,136.47731018066406
782.2642822265625,619.8137817382812,136.27830505371094
781.4653930664062,621.7197265625,136.06903076171875
780.627685546875,623.6981201171875,135.85104370117188
779.7486572265625,625.7272338867188,135.6283721923828
778.8248901367188,627.7864379882812,135.41836547851562
777.8519287109375,629.8562622070312,135.21405029296875
776.8241577148438,631.9180908203125,135.0166015625
775.734619140625,633.9539794921875,134.8215789794922
774.57421875,635.9472045898438,134.6328125
773.3306884765625,637.881591796875,134.44789123535156
772.176513671875,639.5650024414062,134.28546142578125
770.9977416992188,641.2310180664062,134.13197326660156
769.7801513671875,642.8786010742188,133.969970703125
768.5094604492188,644.5061645507812,133.8289337158203
767.1719970703125,646.1102294921875,133.68197631835938
765.7549438476562,647.6865234375,133.53050231933594
764.2463989257812,649.2296142578125,133.38893127441406
762.6358642578125,650.7335815429688,133.2354278564453
760.9140014648438,652.1922607421875,133.08750915527344
759.0729370117188,653.5996704101562,132.9309844970703
757.105712890625,654.9508056640625,132.77171325683594
755.2228393554688,656.166015625,132.62664794921875
753.1868896484375,657.4432373046875,132.480224609375
751.0099487304688,658.7484130859375,132.33091735839844
748.7015991210938,660.0482177734375,132.18777465820312
746.2686157226562,661.3093872070312,132.04757690429688
743.7161865234375,662.498046875,131.9089813232422
741.0477294921875,663.5789794921875,131.77296447753906
738.2655639648438,664.5145874023438,131.6407470703125
735.3717651367188,665.2639770507812,131.4990234375
732.3700561523438,665.7815551757812,131.34024047851562
729.2694702148438,666.0175170898438,131.18972778320312
726.6026000976562,666.0518188476562,131.05584716796875
723.8499145507812,666.0020141601562,130.92575073242188
721.0078125,665.8319702148438,130.79983520507812
718.0758056640625,665.5053100585938,130.67034912109375
715.056640625,664.9861450195312,130.53298950195312
711.9558715820312,664.2409057617188,130.38694763183594
708.7807006835938,663.2392578125,130.22842407226562
705.5379638671875,661.9544677734375,130.05313110351562
702.2325439453125,660.363037109375,129.8547821044922
698.8661499023438,658.4434204101562,129.6306915283203
695.4367065429688,656.1746826171875,129.3758544921875
691.659912109375,653.2306518554688,129.0491485595703
687.6859741210938,649.6939086914062,128.66012573242188
683.5390014648438,645.6859741210938,128.2080078125
679.2921142578125,641.347412109375,127.71155548095703
675.036865234375,636.8285522460938,127.16854095458984
670.8734741210938,632.2857055664062,126.60939025878906
666.9066772460938,627.8782348632812,126.06343841552734
663.2444458007812,623.7684326171875,125.54874420166016
659.9992065429688,620.1231689453125,125.09024810791016
657.291748046875,617.1177978515625,124.70919799804688
655.2744750976562,614.9570922851562,124.43037414550781