Plotting nearby roads to point=(-347.16302490234375, -824.6746215820312, 137.5)
road='12467'	start=(-572.7484130859375,-448.7722473144531,114.39987182617188)	[-572.7484130859375, -448.7722473144531, 114.39987182617188]
road='12561'	start=(-613.2349243164062,-760.1507568359375,134.34072875976562)	[-613.2349243164062, -760.1507568359375, 134.34072875976562]
road='12385'	start=(-390.5243225097656,-896.598876953125,138.4001007080078)	[-390.5243225097656, -896.598876953125, 138.4001007080078]
road='12840'	start=(-637.774658203125,-754.6195068359375,135.29542541503906)	[-637.774658203125, -754.6195068359375, 135.29542541503906]
road='12845'	start=(-869.8814697265625,-770.1520385742188,113.53985595703125)	[-869.8814697265625, -770.1520385742188, 113.53985595703125]
road='15843'	start=(-309.9658203125,-790.044921875,137.10841369628906)	[-309.9658203125, -790.044921875, 137.10841369628906]
road='15773'	start=(-209.20144653320312,-822.120849609375,136.0275421142578)	[-209.20144653320312, -822.120849609375, 136.0275421142578]
road='15764'	start=(-591.5175170898438,-453.1298828125,113.7564926147461)	[-591.5175170898438, -453.1298828125, 113.7564926147461]
road='15753'	start=(-366.5791931152344,-859.0309448242188,136.463623046875)	[-366.5791931152344, -859.0309448242188, 136.463623046875]
road='13932'	start=(-356.2171630859375,-841.2997436523438,136.4116668701172)	[-356.2171630859375, -841.2997436523438, 136.4116668701172]
road='13962'	start=(-687.4603271484375,-943.5825805664062,164.91648864746094)	[-687.4603271484375, -943.5825805664062, 164.91648864746094]
road='13969'	start=(-366.420654296875,-858.8125610351562,136.4600372314453)	[-366.420654296875, -858.8125610351562, 136.4600372314453]
road='15147'	start=(-892.42724609375,-793.444580078125,113.92597198486328)	[-892.42724609375, -793.444580078125, 113.92597198486328]
road='15243'	start=(-881.362060546875,-922.7256469726562,132.36041259765625)	[-881.362060546875, -922.7256469726562, 132.36041259765625]
road='15620'	start=(-331.0728759765625,-697.2451782226562,132.84686279296875)	[-331.0728759765625, -697.2451782226562, 132.84686279296875]
road='15425'	start=(-347.16302490234375,-824.6746215820312,137.01858520507812)	[-347.16302490234375, -824.6746215820312, 137.01858520507812]
road='14336'	start=(-372.7616271972656,-867.7301635742188,136.62332153320312)	[-372.7616271972656, -867.7301635742188, 136.62332153320312]